0 0 0 -0.0444182 91.2863
1 3.39 -2.95 -0.0290708 4.5074
2 -3.39 2.95 0.0290708 4.5074
3 2.33 -4.56 1.1678 0.800082
4 3.44 -9.84 -0.18474 85.6774
5 4.45 -13.82 2.60809 0.721206
6 5.42 -15.74 -0.0866027 269.795
7 6.39 -16.58 4.88775 0.950309
8 7.74 -19.46 -0.0355829 276.211
9 9.59 -20.9 10.3408 0.726565
10 9.92 -22.28 0.143855 586.932
11 8.42 -24.37 28.5593 0.35
12 11.83 -23.48 -0.307442 898.879
13 12.45 -25.25 1.07739 0.35
14 12.7 -23 -0.270724 833.646
15 14.11 -20.67 -0.0167551 0.35
16 3 -17.63 4.33121 0.334951
17 -0.21 -21.15 -0.986395 -98.8075
18 -2.27 -24.76 -41.4895 0.567171
19 -3.77 -25.77 3.06397 -350.517
20 -4.35 -23.41 246.302 0.29
21 -5.61 -26.64 -0.18541 -435.215
22 -4.53 -27.88 -17.9973 0.29
23 -0.75 5.22 4.46726 0.0568726
24 0.34 8.42 -8.51536 4.45137
25 2.18 11.61 -14.52 -6.74681
26 2.17 12.85 50.243 3.74449
27 -0.51 14.72 -292.559 2.52965
28 -0.6 16.04 1063.3 4.41538
29 0.66 19.09 6549.07 -3.09919
30 -0.73 21.39 30943.5 -4.52706
31 0.27 22.21 -611165 1.12449
32 3.65 23.59 -129683 -111.174
33 3.04 26.27 4.75749e+06 0.716086
34 1.74 27.25 1.31538e+06 -98.5582
35 0.73 26.28 -1.47099e+08 0.235
36 0.14 28.8 -1.61204e+08 0.235
37 -2.92 23.15 -4829.33 148.325
38 -4.11 24.79 174015 0.688004
39 -3.29 27.62 -23960.1 200.594
40 -3.35 28.45 1.43304e+06 0.475685
41 -5.73 29.44 -60193.4 700.881
42 -6.13 26.86 6.88e+06 0.235
43 3.61 15.14 1.30784 -399.501
44 6.29 12.18 -130.169 0.175
45 5.75 18.66 9.16956 -2.82856
46 3.36 21.06 -11.6207 17.6756
47 -0.23 21.72 844.491 0.29
48 3.25 23.78 -0.9409 -484.93
49 5.82 24.61 47.6054 0.29
50 3.54 25.53 -1.9631 -10.4148
51 0.12 25.87 154.087 0.29
52 5.03 20.68 1.36822 -117.564
53 7.25 20.75 -27.3616 1.27174
54 9.11 23.77 -3.37054 -220.573
55 9.26 25.01 68.6569 1.04858
56 7.47 25.96 6.45069 -255.636
57 7.14 28.25 -252.416 0.788137
58 5.12 31.08 -25.0354 -319.45
59 4.35 33.92 1800.1 0.461555
60 3.9 37.86 104.007 -651.736
61 3.87 39.59 -17622.7 0.235
62 7.51 24.07 0.0197644 -412.313
63 10.58 22.79 -3.59524 0.584461
64 12.87 25.42 -0.101441 -936.17
65 14.97 28.37 6.18936 0.453542
66 12.46 33.48 0.257897 -1908.84
67 12.97 34.59 -15.6623 0.235
68 -3.97 -1.55 -0.258635 -27.4934
69 -3.81 -3.68 0.0115076 0.504647
70 -5.37 -5.12 -0.732871 -101.964
71 -5.15 -8.07 -1.63634 0.4069
72 -4.95 -11.02 -0.537796 -235.227
73 -5.28 -13.36 1.45803 0.299661
74 -4.21 -16.75 -0.76007 -565.673
75 -5.22 -18.97 -7.02012 0.175
