0 0 0 -3.32825 0.958714
1 -0.91 0.59 -1.82871 1.17045
2 -1.08 1.38 -2.66483 2.22299
3 -1.24 2.16 -0.367769 1.5545
4 -1.4 2.91 -1.81423 3.86343
5 -1.57 3.7 0.906162 1.72711
6 -0.98 4.65 -2.91794 3.71362
7 -1.14 5.43 5.39885 1.92624
8 -0.51 6.35 -19.1078 2.27065
9 -0.68 7.15 46.3658 2.74588
10 -0.85 7.93 -125.456 3.00128
11 -0.23 8.88 1355.45 0.816543
12 -0.4 9.64 -1073.83 12.1816
13 -0.56 10.43 22386.4 0.5
14 0 11.37 -24211.6 10.5133
15 0.62 12.29 -391023 -0.760965
16 0.46 13.07 1.07188e+06 4.76793
17 -0.47 13.7 -9.73346e+06 1.50869
18 -1.39 14.33 7.06335e+06 19.747
19 -0.64 14.49 -1.97364e+08 0.518575
20 -0.02 15.41 1.83305e+08 16.5919
21 0.58 16.36 5.08573e+09 -0.589662
22 0.42 17.14 -1.31946e+10 6.60645
23 0.26 17.89 -3.09893e+11 -0.761719
24 0.09 18.69 4.34442e+12 1.33318
25 -0.85 19.31 -4.25846e+12 19.6998
26 -1.02 20.09 8.01583e+13 1.06729
27 -1.96 20.68 -2.32006e+13 71.4496
28 -2.13 21.47 7.72805e+14 0.644558
29 -1.51 22.42 -7.39835e+13 234.191
30 -0.72 22.59 2.40129e+16 0.0695995
31 0.04 22.74 -2.58379e+17 2.11338
32 0.96 22.12 -4.34233e+17 -13.1619
33 1.75 22.29 3.38998e+18 2.8552
34 2.37 23.24 3.36881e+18 -23.3861
35 3.15 23.41 -2.55452e+19 3.08722
36 3.75 24.33 -1.76243e+19 -35.2647
37 4.39 25.28 1.43583e+20 3.10304
38 4.99 26.24 7.49e+19 -50.3019
39 5.75 26.4 -6.6175e+20 2.98808
40 6.37 27.35 -2.58475e+20 -70.0217
41 6.21 28.11 2.93528e+21 2.47531
42 6.04 28.9 9.59948e+20 -88.3689
43 5.87 29.68 -1.45331e+22 1.96043
44 5.7 30.46 -3.72363e+21 -118.884
45 5.54 31.22 8.02421e+22 1.44876
46 6.17 32.18 1.23388e+22 -209.273
47 6 32.96 -4.31394e+23 0.942732
48 5.84 33.71 -3.27041e+22 -444.663
49 6.42 34.67 2.2677e+24 0.5
50 -0.8 15.24 -1.20448e+07 8.93706
51 -1.72 15.87 5.90832e+07 3.2353
52 -2.67 16.49 -6.05281e+07 16.0963
53 -2.83 17.24 3.33575e+08 3.12825
54 -3.79 17.86 -2.31324e+08 25.7546
55 -4.72 18.48 1.23771e+09 3.45385
56 -4.89 19.27 -7.4765e+08 31.9008
57 -5.05 20.02 4.64888e+09 3.21969
58 -5.22 20.81 -2.42213e+09 39.9414
59 -5.39 21.59 1.7724e+10 2.95046
60 -5.55 22.36 -7.82555e+09 50.6428
61 -5.72 23.14 6.86005e+10 2.63968
62 -5.12 24.09 -2.86686e+10 57.6446
63 -5.29 24.88 3.09689e+11 2.3032
64 -4.65 25.8 -1.20092e+11 66.5318
65 -5.61 26.42 1.41353e+12 2.24462
66 -5.78 27.2 -4.26656e+11 90.1149
67 -6.71 27.82 5.69818e+12 2.08305
68 -7.48 27.66 -1.20595e+12 130.695
69 -8.27 27.49 1.89853e+13 1.74617
70 -9.21 28.08 -2.56882e+12 207.53
71 -10.15 28.71 5.23964e+13 1.40756
72 -10.31 29.49 -4.61229e+12 335.012
73 -11.25 30.08 1.37143e+14 1.01162
74 -11.41 30.87 -6.1495e+12 688.448
75 -10.81 31.82 3.91354e+14 0.5
