0 -0.53 1.08 -1.86202e+29 12.2521
1 -0.53 8.45 2.13618e+29 7.36553
2 -0.53 -6.27 -1.58507e+29 7.36553
3 6.36 3.98 9.08755e+28 8.15493
4 8.77 7.04 7.1964e+28 -8.89005
5 11.81 7.65 -6.15445e+28 8.94515
6 13.02 9.48 -3.65634e+28 -15.957
7 12.42 10.09 5.05381e+28 7.29994
8 16.66 8.86 3.73564e+27 -119.864
9 20.9 10.71 -2.15324e+28 1.85807
10 24.53 10.71 -1.09994e+27 -209.659
11 30.59 12.54 7.56057e+27 1.82437
12 34.22 13.76 2.69407e+26 -386.156
13 34.83 13.76 -2.99157e+27 1.23916
14 34.83 14.38 -5.44687e+25 -789.788
15 37.26 13.15 5.78211e+26 1.23876
16 38.47 13.76 9.52551e+24 -835.25
17 39.68 13.15 -2.00582e+26 0.624486
18 40.29 13.76 -1.59054e+24 -1735.26
19 38.47 13.76 7.1757e+25 0.305
20 39.07 15.6 5.50489e+26 1.54356
21 42.1 14.99 1.61951e+25 -509.527
22 43.31 15.6 -1.90643e+26 1.32521
23 42.71 15.6 -4.5539e+24 -653.075
24 46.34 14.99 2.65183e+25 2.57418
25 48.77 16.21 1.23385e+24 -348.39
26 51.8 17.44 -8.30575e+24 2.59078
27 54.22 15.6 -3.50149e+23 -370.041
28 58.46 16.21 2.21821e+24 2.55878
29 61.49 16.82 8.13038e+22 -458.9
30 63.91 16.82 -5.84182e+23 2.34093
31 68.76 16.21 -1.72972e+22 -547.465
32 72.39 16.21 1.30886e+23 2.14222
33 73.59 15.6 3.26766e+21 -624.86
34 77.23 17.44 -2.64512e+22 2.15446
35 80.87 18.66 -6.04925e+20 -815.934
36 84.51 20.49 5.84267e+21 2.12145
37 85.72 21.11 1.23809e+20 -996.201
38 88.75 24.16 -1.39016e+21 2.15172
39 92.99 24.16 -2.76076e+19 -1216.56
40 99.05 26 3.39168e+20 2.11634
41 102.68 26 5.98316e+18 -1473.87
42 105.71 26.61 -8.34377e+19 1.90815
43 109.35 26 -1.22326e+18 -1773.44
44 113.28 28.75 1.91539e+19 1.83611
45 118.74 29.36 2.46983e+17 -2276.91
46 121.76 29.98 -4.6192e+18 1.60299
47 126.61 31.81 -4.73556e+16 -3102.84
48 128.43 31.81 1.14421e+18 1.31652
49 129.03 31.2 8.96997e+15 -3979.88
50 133.27 34.26 -2.67893e+17 1.14714
51 136.3 34.26 -1.6552e+15 -5544.97
52 141.15 33.65 6.50268e+16 0.856531
53 146 34.86 2.45646e+14 -9228.06
54 150.84 37.32 -1.50286e+16 0.610005
55 151.44 37.93 -3.0268e+13 -18832.9
56 151.44 37.93 3.76415e+15 0.305
57 46.04 17.13 3.79359e+25 2.05632
58 51.49 19.57 1.29031e+24 -575.371
59 58.76 25.69 -1.26412e+25 2.62221
60 63 28.14 -4.64959e+23 -765.066
61 67.84 30.59 5.24567e+24 2.7114
62 70.88 33.65 1.78092e+23 -991.155
63 72.7 33.65 -2.42876e+24 2.46743
64 78.15 39.15 -6.72044e+22 -1414.88
65 82.39 40.99 1.15435e+24 2.38638
66 84.21 40.99 2.85314e+22 -1658.4
67 87.23 43.44 -5.42535e+23 2.28447
68 89.05 42.82 -1.20599e+22 -1926.33
69 92.69 44.66 2.50675e+23 2.14858
70 93.29 46.49 4.95379e+21 -2352.52
71 98.74 48.33 -1.18041e+23 2.02825
72 102.98 50.16 -1.97528e+21 -2997.52
73 104.8 50.16 5.65033e+22 1.75352
74 110.86 53.22 7.38286e+20 -4073.09
75 113.89 53.83 -2.64056e+22 1.50506
76 117.52 55.06 -2.69641e+20 -5391.94
77 119.95 55.06 1.21215e+22 1.2248
78 122.98 54.45 9.06602e+19 -7280.1
79 126.61 53.22 -5.21319e+21 0.925524
80 130.25 52.61 -2.48362e+19 -11043
81 132.66 50.78 2.06749e+21 0.610004
82 131.46 48.94 4.79686e+18 -21093.6
83 131.46 48.94 -7.69699e+20 0.305
84 12.72 11.01 1.93033e+28 -28.8253
85 13.33 12.85 -4.26184e+28 5.8202
86 12.72 12.85 -1.74735e+28 -31.3415
87 13.33 12.85 4.18768e+28 5.3618
88 14.54 18.35 1.06189e+28 -72.3653
89 16.36 23.86 -4.73633e+28 5.34943
90 16.36 29.36 -1.37355e+28 -101.241
91 16.96 33.65 8.24821e+28 5.60361
92 16.36 38.54 2.52015e+28 -126.138
93 16.36 38.54 -1.95239e+29 4.97475
94 19.39 42.82 -1.63078e+28 -512.647
95 19.39 45.27 4.31413e+29 1.71124
96 22.41 50.16 2.70715e+28 -799.353
97 21.81 53.22 -9.9257e+29 1.45153
98 24.84 56.28 -4.58137e+28 -1219.33
99 27.26 61.18 2.04974e+30 1.36743
100 27.26 66.68 7.98867e+28 -1710.88
101 27.26 70.34 -5.0147e+30 1.12055
102 27.26 74.02 -1.50027e+29 -2474.14
103 28.47 77.08 1.30395e+31 0.886854
104 27.87 81.36 2.72231e+29 -3897.03
105 28.47 83.2 -3.72664e+31 0.607775
106 30.9 82.59 -3.65156e+29 -8428.81
107 30.9 83.2 9.96098e+31 0.305
108 15.75 41.6 -3.40913e+28 -238.241
109 12.72 45.27 6.39334e+29 2.41394
110 10.9 48.94 1.23699e+29 -252.946
111 10.3 53.22 -3.04143e+30 2.16452
112 8.48 56.28 -6.66935e+29 -256.655
113 7.88 56.28 2.17481e+31 1.7259
114 8.48 58.12 3.64409e+30 -346.863
115 7.88 61.18 -1.60547e+32 1.38866
116 5.45 66.06 -3.19227e+31 -332.232
117 5.45 71.58 1.9478e+33 1.17313
118 3.63 77.69 4.65826e+32 -324.851
119 2.42 81.98 -6.25894e+34 0.610142
120 2.42 82.59 -7.89201e+33 -654.999
121 2.42 82.59 2.13705e+36 0.305
122 11.51 14.68 3.89234e+27 -157.939
123 9.09 17.13 -6.776e+28 0.983999
124 7.88 18.96 -5.8387e+27 -220.037
125 6.66 20.19 1.9317e+29 0.610258
126 5.45 20.19 1.08196e+28 -360.467
127 5.45 20.19 -7.1622e+29 0.305
128 6.66 1.22 3.42328e+29 -1030.61
129 10.3 1.84 -7.86493e+28 0.0183352
130 12.72 1.22 -3.07843e+28 5.15276
131 13.93 1.22 1.08992e+28 -5.09161
132 18.17 -1.22 1.08757e+28 2.3107
133 21.81 -2.45 6.30101e+24 48.546
134 26.05 -3.67 1.02256e+27 2.01968
135 29.68 -4.88 -2.00649e+25 102.382
136 30.29 -4.88 1.65145e+26 1.45234
137 31.5 -5.51 -6.28031e+24 204.836
138 35.74 -7.34 -1.51044e+25 3.05193
139 38.15 -8.56 -9.68789e+23 133.459
140 38.77 -9.78 -3.31977e+24 2.85404
141 40.59 -9.78 -1.83944e+23 176.506
142 42.41 -9.78 -7.62935e+23 2.35797
143 46.65 -11.01 -2.86688e+22 292.998
144 49.07 -11.62 -1.70829e+23 1.95009
145 52.7 -12.85 -4.36015e+21 503.457
146 55.13 -14.07 -3.97698e+22 1.54256
147 55.73 -14.07 -6.69058e+20 836.342
148 56.94 -15.91 -9.80176e+21 1.086
149 58.16 -16.52 -1.31623e+20 1230.22
150 59.97 -17.13 -2.69943e+21 0.83525
151 60.58 -18.35 -2.36278e+19 2096.45
152 62.4 -20.19 -7.93708e+20 0.601034
153 62.4 -20.19 -3.76546e+18 4255.78
154 62.4 -20.8 -2.56792e+20 0.305
155 58.16 -14.68 -1.79648e+19 546.723
156 61.19 -15.91 -1.60335e+20 1.78264
157 62.4 -16.52 -3.02592e+18 875.348
158 63.61 -18.96 -4.15467e+19 1.38089
159 66.64 -21.41 -6.70765e+17 1326.12
160 70.27 -24.47 -1.26556e+19 1.29694
161 73.3 -26.31 -1.71264e+17 1944.19
162 73.91 -26.31 -4.50436e+18 1.00035
163 78.15 -33.04 -4.00784e+16 3713.32
164 82.99 -39.15 -1.79313e+18 0.875045
165 86.63 -45.27 -1.17992e+16 6879.7
166 87.84 -47.72 -9.24082e+17 0.609315
167 87.23 -52.61 -3.2238e+15 15080.3
168 88.45 -52 -5.49632e+17 0.305
169 66.03 -16.52 -6.23821e+16 801.324
170 70.27 -18.35 -7.11103e+17 1.60977
171 75.12 -17.73 -1.23512e+16 1020.78
172 78.75 -17.13 -1.60052e+17 1.32193
173 84.81 -17.13 -1.91912e+15 1428.62
174 89.66 -17.13 -3.05722e+16 1.07531
175 93.29 -17.13 -2.52439e+14 2074.57
176 98.14 -18.96 -5.33549e+15 0.897059
177 101.17 -18.96 -3.12239e+13 3239.85
178 106.01 -18.35 -9.54169e+14 0.60048
179 106.62 -18.96 -2.64432e+12 6841.46
180 106.62 -19.57 -1.6967e+14 0.305
181 33.32 -3.67 4.36249e+25 1.0339
182 38.77 -3.06 -9.37692e+23 162.76
183 40.59 -3.06 3.29584e+24 0.764551
184 41.8 -2.45 -9.2693e+22 222.848
185 46.65 -3.06 6.11473e+23 64.2204
186 50.28 -2.45 -9.35044e+21 1.92733
187 53.92 -2.45 2.78368e+22 81.4286
188 56.34 -1.22 -5.57309e+20 0.847285
189 61.79 -2.45 5.52369e+20 279.162
190 66.64 -2.45 -2.30174e+19 0.58549
191 69.67 -2.45 1.95253e+19 608.548
192 75.72 -2.45 -8.234e+17 0.305
193 79.36 0 6.05948e+17 0.305
194 86.02 0 -2.1485e+15 0.881123
195 90.26 1.22 7.26006e+12 -191.135
196 95.72 0.61 2.73606e+13 0.305
197 104.2 0 -1.22588e+11 0.305
198 108.44 0 3.44792e+08 225.665
199 112.68 -0.61 -933275 0.305
200 113.89 0 1.84922e+06 -224.751
201 119.34 1.84 -4726.1 0.975694
202 126.31 5.2 -26926.8 -979.301
203 129.34 8.26 253.457 1.09059
204 131.76 7.65 1687.38 -1283.07
205 136.61 10.71 -18.0273 1.14004
206 139.63 11.32 -129.478 -1892.86
207 142.06 11.93 1.62361 0.895207
208 145.69 11.93 10.5073 -2944.87
209 146.9 12.54 -0.24877 0.625473
210 146.9 13.76 -0.991532 -6307.38
211 146.3 13.15 -0.0700239 0.305
212 43.92 -1.53 -4.64985e+23 0.305
213 44.83 0 -384452 0.694122
214 49.07 1.84 2389.92 -232.032
215 52.7 4.88 13409.4 1.10691
216 57.55 7.95 -273.454 -570.542
217 63 11.62 -1690.62 1.28241
218 68.45 12.85 54.0733 -899.911
219 71.48 14.68 303.802 1.16564
220 75.12 17.13 -11.7062 -1495.17
221 79.95 19.57 -65.0178 1.04623
222 84.21 21.41 2.98432 -2432.34
223 87.23 23.25 15.9422 0.833699
224 91.47 25.08 -0.818716 -4339.08
225 95.11 27.53 -4.21272 0.603398
226 98.74 27.53 0.228723 -9109.67
227 98.74 28.14 1.15978 0.305
228 18.17 2.45 -9.89743e+27 2.69797
229 21.2 3.67 -6.94675e+26 -52.2886
230 24.84 5.51 1.49614e+27 2.55835
231 24.23 5.51 8.32574e+25 -99.015
232 27.26 4.28 1.13918e+25 -31.2806
233 27.26 4.28 -1.33248e+25 3.65911
234 29.08 3.67 -7.2792e+23 -67.1804
235 30.9 3.67 1.58977e+24 1.68041
236 30.9 2.45 7.07633e+22 -55.0419
237 33.32 1.22 -1.17543e+23 0.734466
238 36.35 1.22 -1.38874e+21 -103.261
239 39.38 1.84 3.65226e+21 0.699644
240 43.62 1.22 3.30431e+19 -134.847
241 44.83 1.84 -9.9617e+19 0.610331
242 46.65 1.84 -6.52007e+17 -281.125
243 46.65 1.84 3.93342e+18 0.305
244 47.25 0 -653.985 138.3
245 46.04 -1.84 5.90216 0.613889
246 46.04 -3.06 -24.4284 456.095
247 45.43 -3.06 2.29235 0.305
248 49.07 0 3.01783e+07 0.904896
249 52.1 -0.61 -176666 52.9775
250 56.34 -0.61 327701 0.652473
251 58.76 -1.22 -3533.82 206.31
252 60.58 -2.45 6618.51 0.720472
253 61.79 -3.06 -171.542 455.09
254 64.81 -4.28 314.532 0.609929
255 65.43 -6.12 -11.4671 1313.2
256 65.43 -6.12 30.6934 0.305
257 29.08 4.28 -6.71507e+23 -84.9285
258 32.71 5.51 1.74977e+24 2.11457
259 35.74 4.88 8.85933e+22 -96.3827
260 40.59 4.88 -2.11034e+23 2.04865
261 44.83 7.34 -8.20812e+21 -188.715
262 49.07 9.18 3.1618e+22 2.38315
263 53.92 10.4 1.2186e+21 -269.84
264 55.73 11.01 -5.90704e+21 2.27133
265 61.79 10.4 -1.87978e+20 -326.81
266 68.45 9.78 8.98327e+20 2.0465
267 72.09 9.18 2.17011e+19 -380.01
268 79.36 8.56 -1.03998e+20 1.78621
269 85.42 7.34 -1.80335e+18 -423.291
270 92.69 5.51 8.24138e+18 1.20568
271 98.74 4.88 7.51758e+16 -534.985
272 103.59 4.88 -3.88463e+17 0.944383
273 107.23 4.88 -2.3163e+15 -818.417
274 110.86 3.67 1.71063e+16 0.496941
275 113.28 4.28 2.89848e+13 -2525.98
276 114.49 6.73 -6.39565e+14 0.305
277 25.44 6.12 -3.40213e+26 1.4977
278 26.05 6.73 -1.16586e+25 -196.39
279 29.68 9.18 6.37321e+25 1.67931
280 29.68 12.24 2.95107e+24 -264.339
281 34.53 15.91 -2.26175e+25 2.0759
282 36.35 20.8 -1.10187e+24 -426.948
283 37.56 26.31 1.25341e+25 2.31292
284 39.38 31.2 6.39092e+23 -611.904
285 41.8 34.86 -9.36023e+24 2.38015
286 45.43 38.54 -4.27556e+23 -843.733
287 50.28 43.44 7.17728e+24 2.58775
288 50.89 45.27 3.21949e+23 -1009.22
289 51.49 47.72 -6.31217e+24 2.43393
290 54.52 50.78 -8.89864e+22 -3602.04
291 56.94 55.06 5.62977e+24 0.8703
292 58.16 58.12 5.47199e+22 -5979.59
293 61.19 59.34 -5.34759e+24 0.607204
294 63.61 61.79 -2.54058e+22 -13006
295 64.2 61.79 5.14697e+24 0.305
296 50.28 50.78 -1.70776e+23 -1876.91
297 52.1 59.95 6.15325e+24 1.66385
298 53.92 66.68 1.55069e+23 -2645.91
299 55.13 70.95 -7.44324e+24 1.47814
300 55.73 77.69 -1.56683e+23 -3690.67
301 57.25 84.12 1.01015e+25 1.30477
302 59.67 90.23 1.69251e+23 -5385.27
303 62.7 98.19 -1.45377e+25 1.14315
304 62.7 103.08 -1.94334e+23 -7711.17
305 63.31 110.42 2.36709e+25 0.90653
306 62.09 115.93 2.29325e+23 -11966.3
307 60.88 119.6 -4.50762e+25 0.608464
308 60.28 120.21 -2.26924e+23 -23878.5
309 60.28 120.82 8.98918e+25 0.305
310 26.96 7.65 1.50266e+25 5.93536
311 27.56 13.76 2.90628e+24 -71.1445
312 25.14 17.44 -8.29453e+24 6.11073
313 22.72 19.88 -2.01001e+24 -82.0371
314 23.32 20.49 7.09727e+24 5.80295
315 22.72 23.55 8.69283e+23 -192.274
316 20.9 26.61 -8.00985e+24 2.8879
317 19.69 30.89 -1.05072e+24 -235.481
318 19.69 33.34 1.25823e+25 2.78415
319 19.07 33.95 1.63573e+24 -261.149
320 15.45 38.24 -2.77862e+25 2.25112
321 15.45 40.07 -3.50002e+24 -318.111
322 15.45 45.58 7.21335e+25 2.21161
323 14.24 48.02 9.65804e+24 -358.649
324 12.42 51.69 -2.7913e+26 1.7885
325 12.42 53.53 -3.33405e+25 -448.158
326 10 55.36 1.4952e+27 1.23444
327 8.77 57.2 1.5846e+26 -539.729
328 5.76 57.2 -1.48566e+28 0.610095
329 5.15 57.81 -8.80129e+26 -975.831
330 5.15 57.81 1.66821e+29 0.305
331 21.51 35.79 7.58197e+22 -772.13
332 22.72 35.79 -2.57772e+24 1.05271
333 24.53 35.18 -7.85725e+22 -1154.15
334 26.96 37.61 3.36454e+24 0.87831
335 28.78 38.85 6.70231e+22 -1950.26
336 29.38 40.07 -4.44973e+24 0.603546
337 31.2 41.29 -4.25785e+22 -4315.07
338 32.11 40.99 5.72228e+24 0.305
339 24.23 22.64 7.95308e+23 -202.038
340 22.41 25.08 -7.18093e+24 2.77768
341 22.41 28.75 -7.92331e+23 -260.562
342 19.98 29.36 1.0345e+25 2.2487
343 19.39 30.59 1.03701e+24 -305.16
344 19.39 34.26 -1.63368e+25 2.17472
345 18.17 38.54 -1.68108e+24 -374.533
346 16.96 44.05 3.71541e+25 1.9931
347 16.96 48.33 3.69809e+24 -485.563
348 15.75 52 -1.14081e+26 1.68564
349 16.36 52 -9.62749e+24 -616.177
350 17.57 55.67 3.38574e+26 1.583
351 19.98 58.73 2.16565e+25 -918.173
352 19.98 63.62 -9.95548e+26 1.38395
353 19.98 65.45 -5.37611e+25 -1212
354 23.02 69.13 2.83123e+27 1.31268
355 24.23 72.8 1.17746e+26 -1750.5
356 26.05 74.02 -7.91362e+27 1.10133
357 26.05 76.47 -2.41915e+26 -2501.52
358 28.47 78.92 2.12585e+28 0.898086
359 29.08 83.2 4.33566e+26 -4079.43
360 29.08 83.81 -6.08265e+28 0.59739
361 29.68 82.59 -5.99227e+26 -8383.57
362 30.29 84.42 1.65858e+29 0.305
363 14.54 54.45 -7.34539e+23 -713.668
364 13.33 59.34 3.93429e+25 1.10789
365 13.33 64.23 2.36969e+24 -1066.38
366 13.93 68.52 -1.81459e+26 0.894811
367 13.93 70.95 -7.68315e+24 -1675.68
368 13.93 72.8 9.24396e+26 0.60508
369 14.54 74.63 1.90779e+25 -3616.1
370 14.54 75.86 -4.74508e+27 0.305
371 -5.45 8.56 3.40178e+29 4.68546
372 -10.3 12.85 -1.14784e+29 38.0828
373 -11.51 15.29 3.67715e+29 4.77284
374 -14.54 17.13 -9.01038e+28 69.9077
375 -15.14 17.73 4.08846e+29 3.90744
376 -15.14 18.35 -7.28426e+28 102.994
377 -15.75 23.25 4.634e+29 3.65471
378 -15.75 25.69 -8.97292e+28 132.674
379 -16.36 28.14 7.24356e+29 3.48583
380 -15.75 28.75 -1.32492e+29 157.182
381 -15.75 33.65 1.30676e+30 3.41175
382 -15.14 36.71 -2.42256e+29 198.019
383 -16.36 39.76 2.92327e+30 3.29497
384 -16.36 41.6 -5.3426e+29 227.619
385 -17.57 44.66 6.91207e+30 3.45194
386 -16.96 45.88 -1.28254e+30 247.264
387 -17.57 52.61 1.8027e+31 3.74296
388 -17.57 56.89 -3.52739e+30 290.741
389 -17.57 59.34 5.83085e+31 3.58979
390 -16.36 61.79 -1.17073e+31 307.747
391 -16.96 65.45 2.12224e+32 3.61054
392 -16.36 66.06 -4.28798e+31 326.949
393 -15.14 70.95 9.22479e+32 3.29798
394 -14.54 75.86 -1.89887e+32 368.53
395 -15.14 80.75 4.61832e+33 3.32013
396 -14.54 85.65 -9.57691e+32 413.034
397 -13.33 91.15 2.96524e+34 2.94389
398 -12.12 97.88 -6.45623e+33 449.547
399 -11.51 105.22 2.51991e+35 2.69583
400 -10.9 108.28 -5.52722e+34 493.657
401 -10.9 113.18 2.50171e+36 2.50057
402 -8.48 117.46 -6.47723e+35 453.668
403 -8.18 122.05 3.5899e+37 2.20214
404 -5.76 126.33 -1.18239e+37 383.557
405 -3.94 133.06 1.15013e+39 1.36792
406 -3.94 133.66 -3.10277e+38 495.449
407 -3.33 137.94 2.28152e+40 1.87592
408 -2.73 139.79 -1.31286e+40 242.931
409 -2.12 141.01 1.50252e+42 1.2321
410 -0.91 143.46 -1.53076e+42 140.813
411 -0.3 142.85 7.16948e+44 0.305
412 -3.94 133.06 1.97099e+40 2.09466
413 -4.54 136.72 -7.76959e+39 346.831
414 -3.94 140.4 6.83342e+41 1.59635
415 -3.94 142.85 -2.23967e+41 435.847
416 -3.94 144.07 2.47582e+43 1.30329
417 -5.76 145.29 -4.29093e+42 838.306
418 -6.97 150.8 5.15897e+44 1.25427
419 -11.81 156.3 -4.14668e+43 1944.56
420 -14.84 158.75 5.43276e+45 1.2117
421 -17.87 163.03 -2.7565e+44 3213.14
422 -19.07 167.93 4.64404e+46 0.996761
423 -23.93 173.43 -1.34248e+45 5999.44
424 -28.17 176.49 2.85898e+47 0.82874
425 -34.22 181.39 -4.37569e+45 11851.6
426 -38.47 186.28 1.348e+48 0.604675
427 -42.1 189.34 -9.59532e+45 26599.5
428 -42.71 189.95 5.97584e+48 0.305
429 -19.07 73.72 2.1014e+30 1504.28
430 -21.51 82.28 -1.4693e+32 1.17678
431 -20.9 89.01 6.12869e+30 2133.93
432 -22.11 96.35 -5.91422e+32 0.998441
433 -24.53 103.08 1.67189e+31 3646.39
434 -28.78 108.59 -2.11809e+33 0.857145
435 -32.4 112.87 3.60955e+31 6623.24
436 -34.22 117.76 -6.98591e+33 0.608453
437 -34.83 120.21 6.08642e+31 13797.6
438 -34.83 120.82 -2.41102e+34 0.305
439 -18.48 32.72 8.85188e+27 489.741
440 -19.07 37.01 -2.27185e+29 1.44203
441 -19.69 39.46 1.31192e+28 683.331
442 -21.51 42.52 -4.16585e+29 1.33905
443 -23.32 44.96 1.84721e+28 1013.94
444 -23.93 49.25 -7.82449e+29 1.16269
445 -24.53 51.08 2.73585e+28 1460.88
446 -24.53 52.92 -1.62899e+30 0.888776
447 -24.53 54.75 3.87675e+28 2300.57
448 -24.53 57.2 -3.63536e+30 0.60998
449 -24.53 59.03 4.51983e+28 4747.87
450 -24.53 59.03 -8.74773e+30 0.305
451 -17.27 18.66 6.6954e+27 203.012
452 -19.07 18.66 -7.10641e+28 1.75808
453 -22.11 21.11 3.70612e+27 404.78
454 -23.32 22.94 -6.4281e+28 1.32261
455 -23.32 22.94 2.80501e+27 525.705
456 -26.35 26.61 -5.57256e+28 1.33944
457 -27.56 27.84 2.09161e+27 741.724
458 -28.78 29.67 -5.38834e+28 1.15171
459 -29.99 32.11 1.5213e+27 1137.31
460 -31.2 33.34 -5.54401e+28 0.914864
461 -31.2 33.34 1.08368e+27 1705.64
462 -31.2 33.34 -5.92321e+28 0.609973
463 -29.99 35.18 6.02341e+26 3459.48
464 -29.99 35.18 -6.94766e+28 0.305
465 -24.53 22.94 -2.1938e+26 293.312
466 -31.2 24.16 2.06025e+27 2.57261
467 -36.65 24.78 -1.27472e+26 400.505
468 -42.1 26.61 1.21174e+27 2.7993
469 -49.37 24.78 -6.12203e+25 490.473
470 -51.8 24.78 5.79309e+26 2.6187
471 -53.01 25.39 -2.52848e+25 581.719
472 -54.22 24.78 2.71135e+26 2.31087
473 -55.43 27.84 -5.66629e+24 1332.16
474 -59.06 30.28 1.2778e+26 1.34274
475 -63.91 30.28 -2.07483e+24 1864.81
476 -69.36 33.95 5.57748e+25 1.26295
477 -73 35.18 -7.31907e+23 2680.88
478 -74.81 37.61 2.62256e+25 1.04963
479 -76.03 38.85 -2.56849e+23 3966.78
480 -81.48 41.91 1.25035e+25 0.860923
481 -83.9 44.35 -8.28484e+22 6693.31
482 -87.54 46.8 6.3343e+24 0.612113
483 -86.93 46.8 -2.23783e+22 13247
484 -86.33 46.8 3.43378e+24 0.305
485 -54.82 24.78 -4.19153e+24 1602.93
486 -59.06 24.16 1.13739e+26 0.890345
487 -61.49 24.16 -1.08273e+24 2537.99
488 -65.73 23.55 4.18015e+25 0.609982
489 -68.76 22.94 -1.85409e+23 5171.96
490 -68.76 22.94 1.39452e+25 0.305
491 -8.77 2.75 5.47689e+28 9.34938
492 -14.84 2.75 -3.22722e+28 4.667
493 -20.9 3.98 6.27224e+27 20.4781
494 -27.56 7.04 -4.52282e+27 9.76307
495 -29.99 7.65 1.38114e+27 25.0515
496 -29.99 7.65 -1.12584e+27 9.38471
497 -33.61 6.42 2.64178e+26 27.3599
498 -37.26 7.65 -1.91823e+26 10.5356
499 -42.71 6.42 4.59484e+25 26.8019
500 -48.16 5.81 -2.52801e+25 10.5601
501 -51.8 5.81 5.00482e+24 29.3472
502 -56.64 3.98 -2.56622e+24 7.76207
503 -61.49 6.42 3.11213e+23 52.9385
504 -68.76 5.2 -2.38223e+23 6.79324
505 -73.59 4.59 2.10035e+22 52.06
506 -79.66 3.98 -1.3646e+22 6.12591
507 -87.54 3.36 9.0738e+20 50.5306
508 -94.2 3.36 -4.83798e+20 6.3018
509 -101.47 3.36 2.85921e+19 56.8535
510 -111.16 2.14 -1.45452e+19 4.2067
511 -115.4 1.53 4.91775e+17 45.2526
512 -117.83 0.31 -1.87593e+17 0.812664
513 -117.83 -1.53 8.08234e+14 -355.117
514 -117.83 -0.92 2.43795e+15 0.305
515 -31.8 8.26 3.16204e+25 294.096
516 -33.02 9.48 -2.81339e+26 1.06548
517 -32.4 9.48 6.6035e+24 403.891
518 -36.04 11.93 -4.39636e+25 1.79193
519 -39.68 14.38 1.64745e+24 383.743
520 -42.71 16.21 -1.47903e+25 1.80559
521 -46.95 19.27 4.72718e+23 602.916
522 -53.61 22.94 -5.31366e+24 2.04081
523 -60.28 24.16 1.53011e+23 839.012
524 -63.91 25.39 -2.008e+24 1.93473
525 -69.97 24.78 4.67701e+22 1063.89
526 -75.42 27.84 -6.59559e+23 1.97417
527 -80.27 31.51 1.37151e+22 1515.31
528 -84.51 35.18 -2.45871e+23 1.96241
529 -86.93 36.4 4.68777e+21 1909.16
530 -91.17 40.07 -9.81492e+22 1.91381
531 -98.44 42.52 1.60406e+21 2601.72
532 -105.71 44.35 -3.94742e+22 1.80219
533 -111.16 46.8 5.31669e+20 3474.7
534 -114.8 48.02 -1.60908e+22 1.58666
535 -117.83 49.25 1.75024e+20 4527.81
536 -120.25 51.08 -6.58978e+21 1.35668
537 -122.67 51.08 5.64957e+19 5958.08
538 -129.03 52.61 -2.60861e+21 1.1394
539 -133.27 55.06 1.63324e+19 8794.19
540 -138.72 56.28 -1.03536e+21 0.887795
541 -141.15 61.18 4.2749e+18 14817.5
542 -144.78 63.01 -4.37505e+20 0.615676
543 -147.81 67.29 9.19574e+17 32014.5
544 -147.81 66.06 -1.99171e+20 0.305
545 -37.56 9.18 -2.87707e+25 2.10701
546 -41.8 10.4 1.24031e+24 241.242
547 -47.25 12.24 -6.32459e+24 2.40038
548 -52.7 13.46 2.51469e+23 338.527
549 -58.76 14.68 -1.44745e+24 2.55039
550 -61.19 14.68 5.31147e+22 400.051
551 -67.23 12.85 -3.15817e+23 2.16114
552 -69.67 14.07 8.41395e+21 528.117
553 -73.91 12.24 -6.00864e+22 1.71398
554 -79.36 11.01 1.06679e+21 620.132
555 -86.02 10.4 -7.68688e+21 1.44332
556 -91.47 9.78 9.56611e+19 785.876
557 -95.11 9.78 -7.90122e+20 1.18408
558 -96.93 9.78 7.16577e+18 1078.38
559 -101.77 9.78 -7.59085e+19 0.923232
560 -103.59 10.4 4.53027e+17 1742.61
561 -106.62 13.46 -7.40303e+18 0.823683
562 -108.44 14.07 3.54097e+16 2941.59
563 -110.86 15.91 -9.39471e+17 0.599665
564 -112.07 17.13 2.47014e+15 6515.06
565 -112.07 17.73 -1.43592e+17 0.305
566 -6.36 2.14 -1.06723e+29 -3.73372
567 -9.39 2.75 -6.30643e+28 -4.65378
568 -11.21 2.75 -3.63915e+28 -4.76558
569 -14.24 5.81 2.37827e+27 88.9028
570 -17.87 10.71 -1.17513e+28 2.16752
571 -21.51 18.05 8.53636e+26 248.48
572 -23.93 24.78 -8.84223e+27 2.39228
573 -24.53 27.84 6.44254e+26 382.098
574 -27.56 33.34 -8.91793e+27 2.40857
575 -27.56 34.56 5.83602e+26 528.106
576 -33.02 37.61 -2.80955e+25 781.239
577 -36.04 40.68 6.08787e+26 1.87738
578 -39.68 42.52 -2.41241e+25 1073.02
579 -46.95 44.35 5.51188e+26 1.94108
580 -51.8 45.58 -1.74091e+25 1443.11
581 -57.85 46.8 4.34189e+26 1.87647
582 -62.09 47.41 -1.09892e+25 1873.2
583 -68.15 50.47 3.02004e+26 1.83648
584 -72.39 51.08 -6.38917e+24 2414.45
585 -77.23 51.08 1.9972e+26 1.63408
586 -83.9 52.31 -3.16381e+24 3302.15
587 -94.2 54.14 1.10896e+26 1.54459
588 -100.26 56.59 -1.37109e+24 4577.09
589 -105.1 58.42 5.97068e+25 1.34154
590 -109.35 60.26 -5.65967e+23 6357.14
591 -112.68 62.4 3.1929e+25 1.10609
592 -118.13 65.45 -2.16524e+23 9651.37
593 -123.58 69.13 1.69096e+25 0.885197
594 -127.22 72.19 -7.71175e+22 15829.1
595 -129.63 74.02 9.41665e+24 0.606186
596 -133.27 75.86 -2.12813e+22 33566.9
597 -133.88 76.47 5.33568e+24 0.305
598 -29.08 39.15 -1.05544e+28 2.16478
599 -30.29 40.99 5.43499e+26 796.001
600 -30.29 41.6 -1.42719e+28 1.5842
601 -30.29 42.21 4.61375e+26 1305.7
602 -32.71 47.11 -9.06639e+27 2.39736
603 -33.92 48.94 5.5926e+26 793.386
604 -32.71 52 -1.35597e+28 2.1447
605 -32.71 58.12 7.62636e+26 1033.38
606 -33.92 64.23 -2.3227e+28 2.10893
607 -33.92 71.58 1.23526e+27 1345.94
608 -34.53 79.53 -4.81381e+28 2.04079
609 -36.95 86.26 2.26137e+27 1836.23
610 -34.53 88.71 -1.20235e+29 1.66846
611 -35.14 95.43 4.66519e+27 2459.49
612 -31.5 97.88 -3.64209e+29 1.25376
613 -30.29 104 1.14079e+28 3320.3
614 -32.71 109.51 -1.15788e+30 1.07894
615 -33.32 115.01 2.68946e+28 4951.47
616 -36.65 120.21 -3.63327e+30 0.88983
617 -36.65 125.11 5.79767e+28 7840.37
618 -36.04 130.61 -1.26121e+31 0.600401
619 -37.26 133.06 9.99904e+28 16783.3
620 -38.47 133.06 -4.3622e+31 0.305
621 -33.02 42.52 -9.25433e+27 2.11983
622 -36.65 44.35 4.58256e+26 895.634
623 -43.92 48.02 -9.34175e+27 2.3556
624 -48.16 51.08 3.97762e+26 1199.65
625 -52.4 54.75 -9.10411e+27 2.39205
626 -56.64 59.03 3.35464e+26 1602
627 -59.06 61.48 -9.09775e+27 2.26697
628 -62.09 63.93 2.87478e+26 2023.18
629 -66.33 66.38 -8.76725e+27 2.1766
630 -69.36 68.2 2.36575e+26 2527.43
631 -73.59 69.43 -8.12412e+27 2.0218
632 -75.42 70.66 1.84931e+26 3104.13
633 -81.48 74.33 -7.0446e+27 1.95127
634 -86.33 78.61 1.34337e+26 4122.28
635 -87.54 80.45 -6.32551e+27 1.70855
636 -90.57 85.34 9.80253e+25 5506.94
637 -90.57 87.79 -5.95991e+27 1.44392
638 -93.59 90.23 7.25277e+25 7414.59
639 -93.59 92.68 -5.74571e+27 1.16989
640 -95.41 95.74 5.2085e+25 10561.5
641 -97.23 97.58 -5.65749e+27 0.898357
642 -98.44 97.58 3.41011e+25 16188.9
643 -99.65 98.19 -5.53987e+27 0.604417
644 -100.26 98.19 1.65443e+25 32879
645 -100.26 100.02 -5.42544e+27 0.305
646 -13.02 2.14 -2.09942e+28 -3.7095
647 -15.45 1.53 -5.86274e+27 -5.47885
648 -18.48 0.92 -1.93009e+27 -2.79455
649 -20.29 0.31 -3.23382e+26 -1.85022
650 -21.51 0.31 -3.69118e+25 -2.71589
651 -22.72 -0.31 -5.39525e+24 2.12088
652 -25.14 -2.75 1.68555e+23 -88.0243
653 -30.59 -2.75 4.86706e+23 0.952374
654 -35.44 -3.98 -8.89055e+21 -217.882
655 -38.47 -7.04 -5.04238e+22 1.24127
656 -41.5 -8.26 1.1376e+21 -366.124
657 -46.95 -7.65 8.87854e+21 0.980184
658 -51.19 -9.48 -1.17106e+20 -718.739
659 -55.43 -10.09 -1.51911e+21 0.777822
660 -59.06 -11.32 1.21617e+19 -1413.98
661 -62.7 -13.76 2.74323e+20 0.610029
662 -65.73 -14.99 -1.27303e+18 -3230.16
663 -65.73 -14.99 -6.25664e+19 0.305
664 -23.32 0.92 1.68999e+23 29.3707
665 -26.96 0.92 -1.82199e+23 0.853349
666 -31.2 2.75 3.2022e+21 156.47
667 -35.44 4.59 -1.41103e+22 1.04165
668 -40.89 4.59 2.54205e+20 254.78
669 -45.74 5.2 -1.41428e+21 0.93466
670 -49.37 6.42 1.80375e+19 503.376
671 -54.82 7.04 -1.65526e+20 0.767154
672 -56.64 8.26 1.35061e+18 1012.32
673 -60.88 10.09 -2.24513e+19 0.606988
674 -62.09 10.09 1.09197e+17 2074.54
675 -62.7 10.09 -3.61244e+18 0.305
676 -1.82 -7.34 -1.08983e+29 12.5407
677 -1.82 -12.85 5.69508e+29 -2.45901
678 -1.82 -18.35 1.7176e+30 6.08434
679 -1.82 -23.86 -3.45346e+30 -11.8669
680 -1.82 -29.98 -2.59615e+31 3.988
681 -1.21 -34.86 4.66235e+31 -19.4112
682 -1.82 -42.21 5.43759e+32 3.61921
683 -2.42 -47.72 -4.05395e+32 -64.0072
684 -2.42 -54.45 -1.09251e+34 2.02046
685 -0.61 -59.95 1.45154e+34 -45.1217
686 -1.21 -67.29 5.55804e+35 1.75735
687 -0.61 -71.58 -4.98717e+35 -79.7735
688 -1.21 -77.08 -3.3129e+37 1.16035
689 0.61 -81.98 -3.01607e+37 90.0481
690 0.61 -88.71 -4.42241e+39 0.605
691 0 -95.43 7.13062e+40 -5.91857
692 -3.03 -104.61 1.53522e+41 48.5882
693 -2.12 -108.59 -3.47475e+42 -4.79774
694 -1.51 -118.99 -1.24326e+43 33.2562
695 0.3 -131.22 -1.35313e+45 1.20565
696 0.91 -139.79 -8.9314e+44 211.785
697 0.91 -140.4 -2.07267e+47 0.605
