0 13.44 12.03 -5.12971 45.7904
1 15.86 15.18 11.2643 -16.8005
2 19.91 20.46 0.215073 16.6042
3 23.64 21.68 -9.18359 -52.7703
4 28.83 23.37 1.84778 11.7565
5 50.55 64 4.51025 -338.003
6 51.63 68.56 -45.6709 6.53359
7 52.62 125.84 -3.72466 -1522.72
8 48.58 147.28 118.75 4.68993
9 43.55 167.94 4.4906 -4468
10 56.33 170.47 -332.485 2.2877
11 64.32 173 -7.49572 -7686.25
12 72.81 173.25 790.071 1.64103
13 75.38 168.25 11.8992 -11164
14 74.2 163.81 0.118708 -20333.4
15 72.21 155.44 -26.9781 0.552
16 78.85 172.06 -1686.07 1.21511
17 82.31 171.34 -11.4932 -25089.4
18 83.89 169.28 3443.77 0.566
19 39.41 182.53 -30.9298 26.3045
20 45.02 198.41 -0.646226 -9369.84
21 55.96 192.31 102.477 1.22986
22 64.04 191.28 0.865419 -21958.3
23 68.3 189.69 -287.053 0.59
24 46.6 204.81 8.75453 15.3312
25 57.07 220.41 1.88124 -1022.23
26 55.79 222.09 -34.7073 12.0931
27 68.76 212.16 -0.688111 -10884.1
28 72.55 208.84 101.446 1.39195
29 75.06 209.69 0.991847 -21357.4
30 85.42 204.03 -249.052 0.816
31 59.89 236.09 -5.08641 -1618.56
32 53.21 244.25 -0.0840538 -20053.5
33 52.18 245.28 8.8662 1.46818
34 45.57 252.53 0.108155 -14453.8
35 41.73 254.59 -53.9119 0.735
36 45.09 245.91 17.1194 0.978065
37 41.32 244.25 0.0950943 -38364.6
38 39.92 243.78 -61.0754 0.439
39 37.14 247.28 -47.0986 0.567
40 60.1 237.13 136.471 8.79057
41 64.06 250.97 14.3912 -2373.51
42 77.44 254.78 0.241239 -13447.7
43 87.92 254.22 -41.8254 1.66197
44 93.04 252.63 -0.411508 -27111.3
45 97.76 247.63 -0.0287934 -37672.6
46 101.71 241.5 0.92579 0.652
47 100.22 255.56 105.373 0.944652
48 107.93 257.31 0.231585 -106139
49 108.5 262.83 -133.101 0.499
50 117.04 254.5 -108.336 0.608
51 65.5 255.28 -523.823 7.03395
52 69.97 272.94 -36.3178 -3938.51
53 71.7 285.91 1995.23 5.20144
54 84.81 284.75 24.3555 -23301.4
55 101.16 279.94 -5616.5 1.21529
56 102.83 278.83 -34.8885 -44920.3
57 107.61 280.52 14553.1 0.672
58 72.35 298.94 32.8236 -18159.2
59 62.02 294.94 -7042.15 1.37577
60 56.82 295.16 -87.2323 -23830.1
61 54 296.56 38492.7 0.672
62 73.49 303.38 -2174.5 4.58166
63 74.24 304.75 -47.1013 -14073
64 63.27 305.56 10476.3 1.37342
65 58.6 308.91 155.429 -20820.9
66 57.37 309.22 -56411.5 0.852
67 75.47 320.06 -0.401658 -38103.5
68 62.26 320.77 242.156 0.524
69 77 330.94 -0.0314453 -3813.38
70 89.25 331.34 -0.00244567 -39842.7
71 103.67 328.22 0.0968606 0.854
72 77.41 335.53 1.71615 6.80499
73 77.12 344.06 0.0971781 -6448.11
74 81.44 355.94 -7.22871 4.49202
75 96.18 354.38 -0.0172992 -79898.1
76 102.99 348.44 19.2205 0.593
77 101.8 353.5 5.76286 1.85658
78 117.96 352.97 0.0623975 -37524.5
79 127.99 356.81 -15.855 1.217
80 141.53 357.81 -0.0443739 -93779.9
81 148.74 361.91 38.1522 0.574
82 148.66 342.38 0.022667 -108625
83 151.16 332 0.139726 0.462
84 83.09 360.59 -0.264817 -9289.13
85 89.62 365.25 29.1609 3.52355
86 96.88 369.63 0.873638 -12558
87 101.31 371.81 -106.318 2.99936
88 113.74 373.25 -0.446057 -84093.1
89 125.09 373.78 317.315 0.556
90 105.76 375.16 -1.66047 -23923
91 111.02 379.97 359.344 1.76327
92 114.39 383.63 3.55804 -38860
93 124.21 379.22 0.0115161 -98209
94 129.96 377.09 -10.3659 0.499
95 121.66 383.69 -1133.11 1.20119
96 127.83 386.53 -4.14811 -105308
97 139.58 384.78 3137.9 0.51
98 76.82 349.69 0.0209253 -9966.18
99 77.61 372.5 -0.365693 2.9001
100 78.05 377.75 0.00411897 -28050.1
101 71.04 385.25 2.00149 0.975554
102 67.92 391.81 0.0219105 -87667.2
103 59.39 397.09 -13.1615 0.269
104 65.78 397.25 0.00476475 -16212.5
105 65.81 406.03 -0.0527086 1.64806
106 62.46 415.59 0.0202891 -24886.2
107 54.73 421.09 0.482135 0.926
108 62.36 417.09 0.0194179 -27781.6
109 61.09 423.25 -0.012092 0.930671
110 59.55 428.81 0.0293451 -60130.4
111 56.04 428.78 0.161764 0.664
112 59.39 432 0.139986 1.07157
113 60.48 433.66 0.0247366 -50190.3
114 58.44 435.44 -0.850679 0.507
115 63.02 438.28 0.0163745 -42711
116 64.44 445.41 -0.0198908 0.672
117 77.76 386.28 0.0163136 -12235.8
118 75.35 401.19 0.0544572 2.46983
119 72.97 416.09 0.0214121 -18010.2
120 72.35 429.13 -0.168237 1.72379
121 72.73 434.72 0.0090454 -63643.4
122 81.29 431.53 0.248187 0.752
123 72.46 435.97 0.834522 1.85859
124 73.32 438.38 0.00769465 -51709.1
125 79.61 436.5 -4.55166 0.672
126 73.92 440.28 -0.00173954 -42580
127 87.43 443.16 -0.375898 1.34862
128 92.8 447.53 -0.0216712 -65339
129 96.84 453.41 1.67553 0.672
130 73.27 445.09 0.418982 2.35441
131 64.7 450.75 -0.000594057 -44844.4
132 57.53 459.13 -3.30603 0.589
133 73.23 446.34 -0.00340377 -37826.6
134 80.6 451.53 -1.9532 1.37826
135 82.55 456.84 -0.0343115 -70062.8
136 79.62 458.47 11.1339 0.521
137 84.33 458.06 -0.0301589 -66964
138 90.56 457.72 0.0554929 0.619
139 65.42 457.47 -0.493856 2.62013
140 63.32 463.72 -0.0244869 -16448.5
141 56.6 464.91 3.95421 1.5997
142 54.75 464.53 0.0325508 -34997.8
143 51.42 462.84 -35.8762 0.68
144 83.77 394.59 0.0196079 -13814
145 86.39 401.66 0.0218478 2.51166
146 87.26 402.66 0.0230603 -23382.5
147 96.32 402 0.00140499 1.65569
148 109.63 406.13 0.0278036 -93012.6
149 119.32 400.75 -0.0629653 0.672
150 111.95 406.41 0.170141 2.08165
151 121.9 405.81 0.019002 -42041.5
152 133.49 409.38 -0.437281 1.29983
153 142.94 403.09 0.0230504 -91772.5
154 149.86 399.28 1.23687 0.652
155 88.23 403.31 0.0319467 -16156.2
156 92.32 413.31 0.0466402 2.3615
157 94.96 416.78 0.0179508 -31473
158 110.26 420.53 -0.0800782 1.47318
159 123.87 422.06 0.00348707 -112630
160 123.35 429.16 0.305296 0.47
161 124.3 422.34 -0.00196033 -43266.4
162 128.87 416.06 0.00350916 1.23918
163 138.94 415.53 -0.00307017 -93695.7
164 145.68 410.34 -0.0159651 0.638
165 127.1 423 -0.00317193 -44302.1
166 144.44 422.97 -0.000954471 1.379
167 149.22 421.38 -0.0229026 -127802
168 150.43 428.19 -0.0264895 0.504
169 154.24 421.5 -0.020553 -91974.4
170 156.26 425.56 -0.00481615 0.723
171 99 424.03 0.0187034 -106185
172 94.3 436.5 0.567411 0.504
173 98.83 424.91 -0.519968 1.71293
174 104.23 427.88 0.00341048 -68620
175 102.73 442.22 2.20819 0.662
176 107.2 429.25 0.00413563 -14667.5
177 114.07 431.69 0.00711482 3.35703
178 120.06 431.44 -0.0163309 -78384.6
179 127.07 431.19 -0.0547562 0.699
180 118.62 437.34 -0.00599757 -29828.2
181 122.05 442.91 -0.0557001 1.81225
182 128.21 444.34 -0.0282008 -50403.9
183 134.12 443.09 0.114932 1.179
184 36.51 185.97 -18.9593 -303.221
185 23.62 184.28 -2.91407 -1185.89
186 5.2 177.69 673.24 0.778784
187 -1.39 175.88 -77.8408 1520.51
188 -10.21 171.19 11592.3 1.14996
189 -14.95 167.63 -341.137 5696.07
190 -18.86 173.63 103016 0.575
191 -19.3 165.47 8.36037 6755.25
192 -20.44 163.91 -2761.53 0.496
193 22.52 211.97 261.681 15.3777
194 11.78 205.41 129.821 -414.074
195 5.62 199.91 -9578.98 2.70888
196 3.76 193.13 -5634.98 -328.305
197 0.96 190.13 1.93041e+06 0.555
198 16.44 221.5 95.575 -606.508
199 0.92 215.63 -27.299 754.25
200 -4.32 214.06 4763.75 1.2275
201 -8.99 212.81 -147.568 6869.61
202 -13.88 219.09 64534.8 0.501
203 -10.08 212.56 11695.1 2.68212
204 -18.26 210.69 -1104.26 2231.4
205 -24.34 206.97 101200 2.25838
206 -26.66 206.63 -5323.37 3928.16
207 -30.12 202.28 247.938 4342.85
208 -30.45 197.97 -35358.6 1.38825
209 -29.09 191.41 1020.09 6634.64
210 -26.79 194.38 -252595 0.785
211 -28.56 188 -16.3359 11769.7
212 -31.64 187.47 6061.03 0.504
213 -29.61 186.81 0.116661 21986
214 -29.33 185.56 -48.64 0.487
215 -29.41 182.31 -55.118 0.496
216 -29.4 205.75 710851 1.5408
217 -33.15 206.66 -15027.6 9775.66
218 -36.27 204.81 2.08645e+06 1.47513
219 -39.25 195.5 -51995.7 7844.92
220 -44.27 190.66 9.21335e+06 1.07599
221 -48.67 186.56 -90485.1 18995.9
222 -52.44 186.91 3.27763e+07 0.516
223 -37.32 209.84 1.90823e+06 1.65252
224 -43.23 208.5 -39529.5 10065
225 -47.21 210.91 8.42706e+06 0.98933
226 -51.48 214.03 -76827.5 23476.6
227 -56.47 217.84 3.19391e+07 0.524
228 11.52 229.41 -5058.18 4.33406
229 13.32 247.41 -134.137 -9330.35
230 22.58 247.28 49354.9 0.672
231 13.47 250.06 10200 3.28838
232 15.04 254.41 291.85 -8890.62
233 23.98 261.16 -108277 0.704
234 16.64 259.94 40.0881 -1891.48
235 4.82 264.77 -15803.8 0.672
236 16.64 261.69 11.4251 -916.429
237 16.31 264.63 -645.693 4.69507
238 21.39 275.02 -14.5195 -12277.2
239 23.04 268.72 7711.41 0.504
240 26.1 285.27 -2.81305 -1497.06
241 34.32 280.52 -0.108405 -16899.6
242 36.57 277.75 21.1137 0.601
243 36.43 281.44 -0.0558169 -18610.5
244 38.82 286.69 0.338053 0.598
245 25.16 286.5 164.393 4.80614
246 28.68 296.52 14.9633 -3244.46
247 31.45 308.02 -1551.31 2.98438
248 41.28 342.13 -55.3451 -9598.56
249 44.33 360.06 11974.1 1.66264
250 43.2 372.03 114.602 -38854.4
251 52.99 369.59 -84076 0.504
252 42.96 378.97 7.02222 -6155.07
253 36.09 381.44 0.121915 -17832.1
254 32 379.5 -84.1361 0.681
255 43.4 381.5 -1001.4 2.68911
256 43.49 388.03 -33.092 -11750.8
257 49.69 389.28 -0.455189 -30027.5
258 51.97 388.28 247.65 0.672
259 42.69 399.66 9103.3 1.45173
260 42.47 401.56 78.8015 -46377.3
261 50.79 409.09 -71975.7 0.448
262 39.57 409.63 1.13336 -28195.4
263 43.76 415.63 -637.319 0.747
264 37.17 418.25 -118.315 4.0398
265 36.71 425.88 -10.0775 -5000.02
266 37.93 429.91 1328.59 3.2608
267 41.94 432.41 50.7214 -11326.2
268 43.08 432.44 -13336.2 1.64475
269 46.25 430.06 -108.493 -52861
270 46.31 426.91 123848 0.374
271 46.49 435.13 -219.309 -26461.7
272 53.62 440.78 108226 0.893148
273 55.08 445.47 670.291 -71923.4
274 59.07 447.81 -446688 0.672
275 55.31 450.94 -394611 0.766
276 38.7 432.09 20.0741 -28603.2
277 34.65 436.66 -11067.8 0.791934
278 31.92 440.63 -99.8415 -48847.7
279 31.52 445.13 104075 0.427
280 23.75 440.31 67217.1 0.654
281 38.65 434.84 -4931.13 1.76939
282 40.97 439.5 -117.158 -18498.6
283 44.81 442.47 48366.6 1.07178
284 45.18 444.34 469.716 -45752.7
285 36.97 445.69 -357867 0.585
286 46.38 445.69 -178120 1.17535
287 45.02 451.44 -2094.36 -38394.1
288 46.75 450.88 1.72003e+06 0.549
289 14.55 271.58 -60.3022 -2909.98
290 6.29 274.31 27920.8 0.592
291 13.72 274.69 -7.56013 -2204.53
292 6.59 277.81 2519.08 0.828
293 11.96 284.58 -2.37019 -923.998
294 0.33 283.97 0.314343 1771.01
295 -5.45 291.33 -120.599 0.897
296 11.57 286.22 185.197 3.5731
297 11.27 292.47 11.6887 -4609.31
298 2.29 302.72 -0.888884 4335.41
299 -3.09 299.58 419.166 0.585
300 -5.99 308.72 377.643 0.672
301 12.13 311.63 -4469.2 0.819675
302 10.56 322 720.375 1997.46
303 -4.14 323.44 -346758 0.672
304 8.93 331.75 186.535 -1280.92
305 10.01 357.53 -23923.7 2.78849
306 5.78 367.41 -1802.56 -4876.38
307 17.66 385.63 498490 1.39443
308 23.75 398.06 16128.5 -12303
309 20.38 405.69 -9.73689e+06 0.672
310 5.35 370.03 -1730.25 -385.497
311 -7.58 379.06 118.294 5543.29
312 -9.94 383.19 -3.19751 14304.5
313 -15.46 386.75 2932.57 0.418
314 -12.54 377.25 -52290.7 0.853583
315 -17.8 374.66 1026.94 19076.9
316 -22.89 376.69 -855854 0.452
317 2.41 382.75 278836 2.375
318 0 388.16 17300.5 -6256.03
319 10.16 396.38 -1.11325e+07 0.616
320 -3.87 396.75 -1.2479e+06 5.50042
321 6.42 415.22 -55474 -9340.5
322 15.16 417.78 3.41828e+07 0.678
323 10.11 428 -1303.34 -18217.4
324 8.27 432.63 1.13909e+06 0.495
325 16.03 437.41 893543 0.638
326 -5.02 399.59 670196 744.036
327 -18.8 403.72 -31750 8521.96
328 -26.07 411.84 1.03778e+07 1.25998
329 -31.4 419.03 -196975 22077.1
330 -29.06 427.69 1.49634e+08 0.563
331 -33.83 422 2548.92 32611.2
332 -39.46 419.81 -2.10642e+06 0.508
333 -34.78 423 -54.1314 19923.7
334 -41.82 428.88 25780.8 0.900262
335 -42.8 431.09 -174.858 63565.6
336 -40.46 436.88 151559 0.504
337 -45.25 437 110092 0.694
338 -8.63 408.63 -5.75162e+07 4.76148
339 -8.26 412.81 1.56149e+07 1520.56
340 -23.71 433.34 -262113 25815.4
341 -40.88 448.97 1.65515e+08 0.711
342 -27.48 446.59 4220.82 27733.2
343 -32.35 451.78 -3.61838e+06 0.527
344 -7.09 425.03 -3.34474e+09 1.98425
345 -6.03 430.31 2.88018e+08 4997.17
346 -11.71 443.25 -1.27792e+11 0.999
347 -4.12 438.38 1.39904e+10 -9.02484
348 -2.07 441.09 7.20868e+10 -85.6056
349 1.15 450.5 -1.6033e+13 2.02551
350 -0.47 457.84 4.80483e+13 152.775
351 -0.84 458.63 -8.70394e+15 2.53177
352 2.58 464.53 -5.64487e+15 -716.268
353 0.77 469.16 5.25466e+18 0.504
354 -5.12 460.03 7.72703e+14 5181.91
355 -5.96 465.09 -6.71732e+17 0.535
356 -0.83 442.25 -1.46415e+13 2.1774
357 5.37 444.88 -1.6043e+12 -4060.16
358 10.26 454.16 6.34986e+14 1.14744
359 15.09 456.66 1.70609e+13 -16996.4
360 12.3 461.09 -1.56083e+16 0.504
361 18.71 459.66 -5.23824e+15 1.49711
362 22.19 459.63 -1.15224e+14 -20895.5
363 21.64 464.03 5.22159e+16 1.02396
364 17.76 464.78 1.48464e+15 -16346.7
365 14.23 466.41 -1.70554e+18 0.406
366 28.24 461.41 4.52475e+16 1.17499
367 36.34 464.31 4.17099e+14 -50369
368 42.98 464 -3.61071e+17 0.536
369 34.58 466.84 -1.58774e+17 1.22639
370 32.54 469 -3.52479e+15 -21126.1
371 30.35 467.78 2.45361e+18 0.672
372 -5.6 245.59 407.257 3050.39
373 -17.84 241.84 -69546.9 1.41612
374 -20.24 242.16 3134.16 5373.52
375 -20.66 236.75 -81.1612 9143.03
376 -23.58 233.41 31466.2 0.602
377 -25.82 238.97 -652119 1.14852
378 -32.75 240.81 9568.07 16412.6
379 -33.75 236.81 -4.6526e+06 0.487
380 -37.47 242.19 -130.936 17699.1
381 -43.05 240.09 53825.9 0.584
382 -9.99 248.19 -42.9718 2352
383 -7.78 255.81 7944.99 1.38363
384 -10.06 261.16 -429.324 4832.83
385 -9.1 263.91 227980 0.497
386 -11.51 249.41 3401.12 3.15143
387 -15.25 253.97 -102.911 8393.53
388 -31.94 253.63 25868.5 1.009
389 -22.12 264.41 1682.39 16.1724
390 -22.66 265.16 -963.614 462.965
391 -16.31 276.22 48.1773 5520.83
392 -12.9 275.58 -20630.3 0.644
393 -23.21 265.91 19067.9 13.4376
394 -34.51 265.72 -656.019 7723.77
395 -45.27 266.5 111911 1.56216
396 -54.43 264.88 -1168.18 25375.8
397 -60.86 257.25 487046 0.617
398 -27.35 275.38 -6548.23 801.89
399 -35.76 274.58 100.253 17929
400 -39.42 276.52 -45609.8 0.608
401 -28.11 276.81 186006 9.74488
402 -23.14 283.02 -6826.87 7711.25
403 -19.76 283.69 2.66396e+06 0.727
404 -30.24 281.56 -37137.2 1410.23
405 -30.88 282.69 1.69254e+06 6.20268
406 -41.46 286.13 -83755.5 5782.15
407 -46.92 289.19 1.03191e+07 2.34721
408 -51.06 292.5 -204365 14769.4
409 -56.46 292.22 3.84812e+07 1.55191
410 -59.96 288.5 -385653 28787.1
411 -65.11 281.63 1.70505e+08 0.637
412 -54.81 295.69 1.54248e+07 3.91761
413 -57.84 297.88 -701002 6554.55
414 -62.53 299.88 7.34662e+07 2.8614
415 -68.69 302.66 -1.61543e+06 13764.3
416 -78.72 301.44 2.82436e+08 1.72412
417 -78.16 301.63 -2.29867e+06 37061.1
418 -86.12 299.06 5.47282e+08 1.2561
419 -90.08 299.31 -3.36035e+06 48747
420 -96.29 296.66 1.70116e+09 0.586
421 -86.85 307.06 4.38194e+08 1.61077
422 -94.31 313.72 -3.07943e+06 44641.4
423 -101.46 311.5 1.35486e+09 0.708
424 -96.77 315.97 32802.3 29662.8
425 -102.01 322.27 -9.53807e+06 1.10832
426 -104.39 324.91 43155.3 71810.8
427 -106.52 328.31 -2.9093e+07 0.487
428 -32.53 286.38 -49794.7 9734.18
429 -24.02 291.25 1.57211e+07 0.922496
430 -23.02 293.02 -171072 26927.9
431 -24.24 297.27 1.00902e+08 0.504
432 -21.75 294.41 9.93399e+07 0.507
433 -36.45 301.58 2.93359e+06 5.11901
434 -47.47 316.16 -24928.9 37205.1
435 -57.5 315.25 1.50552e+07 0.522
436 -50.13 319.88 1.23185e+06 6.4734
437 -56.38 328.66 -93697.4 4320.93
438 -61.18 326.16 1501.37 20353.9
439 -65.97 328.38 -463227 1.06437
440 -74.05 333.16 2886.08 53472.2
441 -77.23 332.44 -1.56776e+06 0.612
442 -79.11 336.19 -420279 2.3087
443 -88.97 336.25 4232.03 33392.4
444 -96.32 333.5 -1.46714e+06 0.962
445 -88.07 345.16 3057.94 47437.7
446 -92.24 345.59 -1.57263e+06 0.672
447 -91.76 348.66 -19.1177 55849.5
448 -100.17 351.25 10643.7 0.63
449 -62.65 337.34 6.45776e+06 4.89456
450 -66.46 342.84 -279605 7918.22
451 -62.37 357.13 1459.62 68409.6
452 -63.76 360.5 -1.5661e+06 0.336
453 -72.45 351.44 3.0549e+07 3.21662
454 -77.13 359.38 -408595 26869.4
455 -90.13 362.75 1.04058e+08 1.42437
456 -96.73 364.25 -628646 60293.4
457 -101.73 363.31 3.72583e+08 0.613
458 -80.7 366.38 1.98146e+07 7.55508
459 -80.21 368.88 -90842 80460.8
460 -76.37 369.75 5.39147e+07 0.623
461 -79.46 373.19 4.01674e+07 0.844
462 -87.85 379.47 -1.12828e+06 6664.16
463 -89.61 382.69 8.38812e+07 5.14755
464 -105.57 386.19 -729783 44388.7
465 -122.45 391.28 2.64544e+08 1.0794
466 -128.81 392 -491671 210916
467 -131.12 397.03 4.76117e+08 0.41
468 -129.86 385.91 3.17824e+08 0.597
469 -93.63 392.44 -1.89395e+06 17380.8
470 -95.08 406.53 3.46082e+08 2.22476
471 -95.74 413.53 -4.39473e+06 32565.2
472 -94.66 418.63 1.51186e+09 1.21689
473 -93.74 421.66 -7.67528e+06 83057.4
474 -95.84 422.91 6.65154e+09 0.488
475 -95.26 395.28 93235.4 8029.58
476 -99.88 399.84 -7.49343e+06 4.97492
477 -99.77 400.63 241839 12413.6
478 -108.95 401.81 -4707.47 20642.1
479 -121.28 408.28 801201 2.39888
480 -123.23 414.16 -3357.04 98843.6
481 -125.93 416 2.63499e+06 0.53
482 -126.71 410.72 -6288.53 52327.9
483 -136.72 413.13 2.40684e+06 1.07942
484 -145.03 416.72 -4819.69 208098
485 -145.25 407.38 4.00707e+06 0.49
486 -148.24 418.31 2.83964e+06 0.71
487 -102.24 408.06 -2.93541e+07 3.36187
488 -110.42 417.19 439400 27870.4
489 -111.75 419.03 -1.09581e+08 1.68023
490 -110.92 419.53 527982 87072.3
491 -109.18 428.84 -2.07971e+08 1.08871
492 -102.66 429.03 1.18452e+06 75326.8
493 -97.08 427.53 -9.19086e+08 0.551
494 -113.46 428.59 -2.05058e+08 1.10353
495 -115.77 431.75 564197 156920
496 -116.71 441 -7.5857e+08 0.328
497 -124.4 439.44 -7364.57 33665.1
498 -130.28 440.75 1.90302e+06 1.70569
499 -136.93 439.72 -12545.3 66702
500 -139.22 439.34 6.01053e+06 0.917
501 -117.72 420.06 335854 137056
502 -121.28 430.38 -2.85098e+08 0.507
503 -124.63 422.06 -9.19014e+07 1.54242
504 -130.69 427.75 437687 89814.9
505 -137.38 428.91 -1.58021e+08 1.188
506 -144.68 431.03 595250 114426
507 -153.19 435.47 -4.4462e+08 0.583
508 -132.94 429 -1.32401e+08 1.41817
509 -135.4 433.47 389351 147404
510 -131 434 -3.35275e+08 0.504
511 -135.78 434.47 -9.92097e+07 1.70509
512 -137.88 438.56 567060 76728.1
513 -139.59 438.63 -3.11691e+08 0.798
514 -35 312.31 -127537 7183.69
515 -26.79 312.27 1.99065e+07 2.00066
516 -25.22 310.77 -991897 6236.87
517 -20.34 310.27 3.04107e+08 1.012
518 -34.47 318.16 1.10999e+07 3.65563
519 -33.26 322.88 -490797 7302.31
520 -19.52 321.94 1.34246e+08 1.177
521 -31.42 328.5 3.06329e+07 5.26318
522 -32.31 332.47 -3.07769e+06 3309.15
523 -25.82 337.16 91963.8 11283.5
524 -22.78 335.81 -4.55493e+07 0.678
525 -33.46 335.94 3.04101e+08 3.39992
526 -34.23 337.44 -1.01804e+07 10079.7
527 -29.5 349.13 3.47757e+09 1.02206
528 -28.85 353.31 -6.24466e+07 19675.4
529 -28.31 354.44 4.33992e+10 0.51
530 -37.72 351.19 180990 19753.9
531 -46.66 355.44 -7.65847e+07 0.84
532 -38.7 353.44 -37354.9 1712.48
533 -41.59 360.06 1.53628e+06 8.7549
534 -37.18 365.31 -39510.6 14204.3
535 -34.56 367 1.62378e+07 0.893
536 -45.6 370.72 -190609 2987.94
537 -51.05 376.44 2101.67 34139.9
538 -60.27 374.41 -1.19048e+06 0.661
539 -60.21 386.03 -9.44453 86401.1
540 -66.58 395.31 6938.83 0.535
541 -66.44 386.38 5257.91 0.69
542 -46.54 372.81 1.22263e+07 5.81213
543 -40.36 376.59 -165275 27858.5
544 -38.1 376.56 1.20847e+08 0.515
545 -50.76 385.38 -752836 6258.71
546 -52.22 389.38 9.01987e+07 3.24993
547 -45.16 395.59 -1.58016e+06 22581
548 -37.03 392.09 9.63556e+08 0.643
549 -54.92 396.69 -1.10989e+06 32238.4
550 -45.78 404.88 5.34965e+08 0.84
551 -57.87 403.53 1.95062e+08 2.29606
552 -57.76 404.25 -1.73264e+06 45510.6
553 -49.88 410.56 1.58079e+09 0.45
554 -62.65 412.81 20668.9 34605.3
555 -55.85 416.34 -1.28055e+07 0.672
556 -62.65 413.97 -549.75 15564.5
557 -75.74 422.09 92092.1 2.51961
558 -86.59 430.28 -1659.78 23873.9
559 -92.05 434.44 430460 1.67512
560 -97.04 440.47 -2968.16 63879.4
561 -101.67 441.69 1.86488e+06 0.703
562 -63.13 415.31 25033.8 9.11989
563 -63.11 422.69 -158.313 66845.7
564 -57.1 422.63 134882 0.496
565 -62.09 427.53 46378.2 1.45925
566 -60.97 431.97 -317.397 63121
567 -55.23 431.31 268946 0.509
568 -59.84 436.38 86560.5 1.60008
569 -58.77 439.56 -708.562 53698
570 -62.85 440.84 605357 0.516
571 -56.91 440.84 19.0677 16387.1
572 -59.56 446.19 -0.153419 56426.7
573 -63.76 446.03 133.432 0.504
574 -56.33 442.59 -5544.71 1.52153
575 -55.29 446.81 41.6683 59452.1
576 -49.92 443.75 -37357.6 0.495
577 -54.78 447.81 -11181 1.66882
578 -54.89 450.69 138.877 36283
579 -50.51 453.97 -99762.5 0.632
580 -56.44 451.5 -1.186 53311.3
581 -59.89 448.63 1047.01 0.504
582 -59.32 453.06 -0.00821049 100644
583 -62.11 450.88 -4.65884 0.504
584 -61.36 454.03 -3.96795 0.618
585 -63.84 417.47 -2806.44 3723.9
586 -68.56 427.69 152370 7.87742
587 -73.17 437.53 -13780.2 4837.85
588 -81.78 443.09 339.683 17975.6
589 -83.48 444.56 -73137.1 2.0647
590 -86.14 442.19 426.783 75779.8
591 -86.79 440.06 -372627 0.504
592 -84.58 445.06 336.426 96755.1
593 -88.21 444.44 -283177 0.528
594 -87.67 447.38 -86357.2 1.74289
595 -92.91 452.25 529.694 73730.4
596 -96.34 453.06 -405382 0.592
597 -75.28 443.03 884911 6.89902
598 -78.2 447 -63698.1 6209.85
599 -78.09 448.41 5.06424e+06 5.6401
600 -81.62 455.13 -33734.8 68323.7
601 -83.56 456.25 2.75833e+07 0.558
602 -77.64 452.03 -239736 9548.78
603 -77.53 453.41 2.95221e+07 3.68195
604 -67.93 457.5 -277432 48683.6
605 -64.29 458.13 2.10082e+08 0.605
606 -74.94 455.59 -788114 17066
607 -74.25 459 1.81133e+08 1.99712
608 -74.21 460.44 -2.6559e+06 31402.2
609 -69.4 461.97 1.20171e+09 1.021
610 48.46 52.84 46.3379 -12.7022
611 44.04 32.62 -8.66147 88.7811
612 42.66 18.37 -34.1738 -9.21968
613 39.37 8.53 7.0685 27.9234
614 36.94 -10.65 7.9386 16.0494
615 35.45 -29.96 2.30425 79.9674
616 36.84 -37.75 7.07867 18.1599
617 35.46 -61.12 2.50978 156.565
618 34.84 -86.9 13.1638 19.7885
619 35.13 -113.53 5.70911 255.13
620 34.83 -150.75 43.2185 20.9902
621 31.53 -173.53 21.4987 346.286
622 32.62 -182.69 228.26 17.439
623 35.14 -195.94 83.149 536.616
624 36.06 -203.13 1228.73 13.7938
625 38.32 -213.25 240.435 1088.72
626 41.77 -223.56 6239.46 8.62512
627 41.27 -223.63 490.485 2843.15
628 53.55 -219.47 25986.4 4.14503
629 56.78 -218.31 1318.72 4301.01
630 63.68 -218.47 89067.6 3.23538
631 67.3 -220.31 3181.74 6166.6
632 72.44 -222.41 270844 2.61303
633 79.41 -226.41 6234.56 9835.3
634 81.66 -224 750882 1.85996
635 82.18 -224.66 7683.68 21954.1
636 84.85 -229.75 1.98804e+06 0.888
637 40.52 -224.19 28.9931 3754.63
638 53.11 -232.78 1497.43 4.55508
639 61.53 -242 69.6384 5180.88
640 73.63 -242.41 4920.89 3.44611
641 82.41 -243.56 116.804 10234.9
642 86.37 -243.94 13876 2.05875
643 86.92 -246 202.317 16853.1
644 87.96 -251.16 38803.9 1.311
645 40.46 -226.91 749.74 8.86901
646 40.85 -228.53 63.773 2674.91
647 47.56 -233.72 3570.07 4.19523
648 50.12 -246.97 187.496 4695.4
649 56.57 -249.69 15581.8 3.00927
650 60.62 -253.63 513.847 7686.5
651 64.57 -255.88 61196.5 2.14983
652 69.25 -257.83 1093.58 14424.2
653 70.84 -259.88 222719 1.2764
654 72.65 -267.91 1337.61 44600.4
655 75.64 -272.41 788839 0.462
656 40.84 -231.09 30.9352 473.93
657 38.96 -237.16 377.779 19.6059
658 33.93 -259.66 192.472 509.295
659 30.45 -273.81 3211.25 16.4344
660 27.05 -288.19 1695.79 545.699
661 24.56 -300.58 37521.5 13.5866
662 23.35 -307.38 16870.3 683.643
663 27.62 -318.31 427.311 12560.7
664 28.75 -323.72 186774 0.741
665 21.75 -312.19 527335 9.98761
666 17.34 -318.52 204961 819.504
667 11.82 -330.84 1.41608e+07 4.78852
668 9.86 -337.88 3.49788e+06 1367.88
669 10.28 -342.06 4.80782e+08 2.48862
670 10.39 -346.5 7.38813e+07 2254.85
671 10.16 -349.06 1.63887e+10 1.57358
672 12.83 -354.88 8.74466e+08 6650.96
673 18.86 -355.78 3.08343e+11 1.009
674 8.04 -341.94 -2.06477e+07 -57.9273
675 -1.22 -352.69 -1.02273e+09 7.12042
676 -8.57 -364.16 5.30864e+08 -701.564
677 -17.65 -378.25 2.11811e+10 9.48015
678 -29.51 -391.25 -4.99211e+09 -1660.04
679 -39 -401.59 -2.12726e+11 9.42425
680 -42.82 -407.63 3.76481e+10 -2303.27
681 -46.14 -417.06 1.881e+12 8.34741
682 -47.45 -423.03 -2.46707e+11 -3225.36
683 -47.82 -424.66 -1.66509e+13 6.29197
684 -49.18 -430.53 8.51071e+11 -8423.15
685 -49.29 -454.59 1.45458e+14 2.65979
686 -54.7 -459.38 -3.94304e+12 -16946.5
687 -60.92 -467.66 -1.09697e+15 1.681
688 -54.36 -441.13 5.06707e+11 -14496
689 -59.89 -451.03 1.22652e+14 1.86332
690 -65.91 -459.31 -1.69588e+12 -33218.9
691 -68.1 -463.91 -8.27271e+14 0.951
692 11.69 8.71 -10.4771 -4.45969
693 10.23 5.15 13.8089 4.1462
694 9.34 2.46 -4.41253 6.84882
695 6.1 1 1.11446 6.7167
696 3.88 0.37 0.446833 6.31592
697 0.25 0.87 0.531336 2.976
698 0 0 0 3.304
