0 0.000000 0.000000 -0.044418 91.286269
1 3.390000 -2.950000 -0.029071 4.507400
2 -3.390000 2.950000 0.029071 4.507400
3 2.330000 -4.560000 1.167802 0.800082
4 3.440000 -9.840000 -0.184740 85.677413
5 4.450000 -13.820000 2.608087 0.721206
6 5.420000 -15.740000 -0.086603 269.794769
7 6.390000 -16.580000 4.887751 0.950309
8 7.740000 -19.460000 -0.035583 276.211262
9 9.590000 -20.900000 10.340780 0.726565
10 9.920000 -22.280000 0.143855 586.931588
11 8.420000 -24.370000 28.559297 0.350000
12 11.830000 -23.480000 -0.307442 898.878960
13 12.450000 -25.250000 1.077391 0.350000
14 12.700000 -23.000000 -0.270724 833.646286
15 14.110000 -20.670000 -0.016755 0.350000
16 3.000000 -17.630000 4.331213 0.334951
17 -0.210000 -21.150000 -0.986395 -98.807519
18 -2.270000 -24.760000 -41.489523 0.567171
19 -3.770000 -25.770000 3.063972 -350.516605
20 -4.350000 -23.410000 246.302000 0.290000
21 -5.610000 -26.640000 -0.185410 -435.214828
22 -4.530000 -27.880000 -17.997346 0.290000
23 -0.750000 5.220000 4.467265 0.056873
24 0.340000 8.420000 -8.515360 4.451373
25 2.180000 11.610000 -14.520008 -6.746809
26 2.170000 12.850000 50.243010 3.744490
27 -0.510000 14.720000 -292.559328 2.529652
28 -0.600000 16.040000 1063.302228 4.415383
29 0.660000 19.090000 6549.069460 -3.099191
30 -0.730000 21.390000 30943.457307 -4.527061
31 0.270000 22.210000 -611165.007466 1.124493
32 3.650000 23.590000 -129682.902516 -111.173981
33 3.040000 26.270000 4757491.901977 0.716086
34 1.740000 27.250000 1315381.978243 -98.558191
35 0.730000 26.280000 -147098863.822265 0.235000
36 0.140000 28.800000 -161204236.525129 0.235000
37 -2.920000 23.150000 -4829.327471 148.325474
38 -4.110000 24.790000 174015.256621 0.688004
39 -3.290000 27.620000 -23960.146721 200.593631
40 -3.350000 28.450000 1433035.003996 0.475685
41 -5.730000 29.440000 -60193.401095 700.880957
42 -6.130000 26.860000 6879999.972005 0.235000
43 3.610000 15.140000 1.307844 -399.501248
44 6.290000 12.180000 -130.168816 0.175000
45 5.750000 18.660000 9.169556 -2.828558
46 3.360000 21.060000 -11.620735 17.675581
47 -0.230000 21.720000 844.490874 0.290000
48 3.250000 23.780000 -0.940900 -484.929594
49 5.820000 24.610000 47.605377 0.290000
50 3.540000 25.530000 -1.963098 -10.414828
51 0.120000 25.870000 154.087384 0.290000
52 5.030000 20.680000 1.368215 -117.564360
53 7.250000 20.750000 -27.361603 1.271739
54 9.110000 23.770000 -3.370538 -220.572654
55 9.260000 25.010000 68.656886 1.048582
56 7.470000 25.960000 6.450692 -255.636442
57 7.140000 28.250000 -252.416450 0.788137
58 5.120000 31.080000 -25.035403 -319.449715
59 4.350000 33.920000 1800.100366 0.461555
60 3.900000 37.860000 104.006999 -651.736489
61 3.870000 39.590000 -17622.710981 0.235000
62 7.510000 24.070000 0.019764 -412.312715
63 10.580000 22.790000 -3.595235 0.584461
64 12.870000 25.420000 -0.101441 -936.170446
65 14.970000 28.370000 6.189360 0.453542
66 12.460000 33.480000 0.257897 -1908.838617
67 12.970000 34.590000 -15.662326 0.235000
68 -3.970000 -1.550000 -0.258635 -27.493386
69 -3.810000 -3.680000 0.011508 0.504647
70 -5.370000 -5.120000 -0.732871 -101.964451
71 -5.150000 -8.070000 -1.636344 0.406900
72 -4.950000 -11.020000 -0.537796 -235.226812
73 -5.280000 -13.360000 1.458030 0.299661
74 -4.210000 -16.750000 -0.760070 -565.673000
75 -5.220000 -18.970000 -7.020117 0.175000
