0 0.000000 0.000000 -3.328249 0.958714
1 -0.910000 0.590000 -1.828708 1.170447
2 -1.080000 1.380000 -2.664834 2.222994
3 -1.240000 2.160000 -0.367769 1.554503
4 -1.400000 2.910000 -1.814233 3.863431
5 -1.570000 3.700000 0.906162 1.727106
6 -0.980000 4.650000 -2.917940 3.713617
7 -1.140000 5.430000 5.398846 1.926241
8 -0.510000 6.350000 -19.107823 2.270654
9 -0.680000 7.150000 46.365820 2.745878
10 -0.850000 7.930000 -125.456500 3.001277
11 -0.230000 8.880000 1355.446526 0.816543
12 -0.400000 9.640000 -1073.826141 12.181600
13 -0.560000 10.430000 22386.413293 0.500000
14 0.000000 11.370000 -24211.616094 10.513332
15 0.620000 12.290000 -391023.404985 -0.760965
16 0.460000 13.070000 1071881.878886 4.767934
17 -0.470000 13.700000 -9733456.986622 1.508693
18 -1.390000 14.330000 7063354.983763 19.747049
19 -0.640000 14.490000 -197363861.770476 0.518575
20 -0.020000 15.410000 183304650.474614 16.591925
21 0.580000 16.360000 5085732369.768485 -0.589662
22 0.420000 17.140000 -13194595897.211735 6.606451
23 0.260000 17.890000 -309892903395.445980 -0.761719
24 0.090000 18.690000 4344419692058.344200 1.333181
25 -0.850000 19.310000 -4258457080491.910600 19.699798
26 -1.020000 20.090000 80158348738641.422000 1.067292
27 -1.960000 20.680000 -23200626723340.906000 71.449563
28 -2.130000 21.470000 772804853780961.370000 0.644558
29 -1.510000 22.420000 -73983462820952.578000 234.191320
30 -0.720000 22.590000 24012907069942628.000000 0.069600
31 0.040000 22.740000 -258379177746150050.000000 2.113380
32 0.960000 22.120000 -434233247809812860.000000 -13.161930
33 1.750000 22.290000 3389979448942711800.000000 2.855197
34 2.370000 23.240000 3368805641016612400.000000 -23.386069
35 3.150000 23.410000 -25545246099662516000.000000 3.087218
36 3.750000 24.330000 -17624297868364702000.000000 -35.264715
37 4.390000 25.280000 143582684860813520000.000000 3.103036
38 4.990000 26.240000 74899981499369308000.000000 -50.301877
39 5.750000 26.400000 -661749502869118390000.000000 2.988079
40 6.370000 27.350000 -258474844607345360000.000000 -70.021703
41 6.210000 28.110000 2935279601573922600000.000000 2.475310
42 6.040000 28.900000 959948357802237620000.000000 -88.368900
43 5.870000 29.680000 -14533143895125631000000.000000 1.960434
44 5.700000 30.460000 -3723630756492560300000.000000 -118.883851
45 5.540000 31.220000 80242126069273104000000.000000 1.448762
46 6.170000 32.180000 12338847517513966000000.000000 -209.273323
47 6.000000 32.960000 -431393506777994200000000.000000 0.942732
48 5.840000 33.710000 -32704051504839590000000.000000 -444.662800
49 6.420000 34.670000 2267698931345577200000000.000000 0.500000
50 -0.800000 15.240000 -12044849.266629 8.937061
51 -1.720000 15.870000 59083206.685604 3.235297
52 -2.670000 16.490000 -60528143.947041 16.096349
53 -2.830000 17.240000 333575270.831124 3.128245
54 -3.790000 17.860000 -231323893.417260 25.754600
55 -4.720000 18.480000 1237710254.346452 3.453850
56 -4.890000 19.270000 -747650391.206083 31.900842
57 -5.050000 20.020000 4648881468.481797 3.219691
58 -5.220000 20.810000 -2422130284.966452 39.941379
59 -5.390000 21.590000 17723962565.269569 2.950457
60 -5.550000 22.360000 -7825551632.362323 50.642794
61 -5.720000 23.140000 68600529222.626991 2.639677
62 -5.120000 24.090000 -28668554717.064583 57.644578
63 -5.290000 24.880000 309688557963.087340 2.303197
64 -4.650000 25.800000 -120092335993.299580 66.531846
65 -5.610000 26.420000 1413532732167.768800 2.244617
66 -5.780000 27.200000 -426656254472.129880 90.114911
67 -6.710000 27.820000 5698176182970.796900 2.083048
68 -7.480000 27.660000 -1205947714963.349900 130.695180
69 -8.270000 27.490000 18985317939963.000000 1.746165
70 -9.210000 28.080000 -2568821250201.691400 207.530099
71 -10.150000 28.710000 52396385924045.672000 1.407556
72 -10.310000 29.490000 -4612285657736.597700 335.011648
73 -11.250000 30.080000 137143402495221.480000 1.011624
74 -11.410000 30.870000 -6149504937519.957000 688.448400
75 -10.810000 31.820000 391354494223749.690000 0.500000
