0 0.000000 0.000000 -1940384.458372 49.189910
1 7.710000 0.880000 214412.556505 7.963790
2 -7.710000 -0.880000 -214412.556505 7.963790
3 -5.780000 5.850000 7691868.455499 1.660039
4 -10.170000 10.830000 -537559.311998 123.057354
5 -8.500000 13.200000 86242.515501 82.279851
6 -8.680000 13.350000 -814954.887894 1.412718
7 -9.340000 17.940000 101017.847487 144.732630
8 -9.290000 18.110000 -1570996.053574 1.164484
9 -11.120000 22.570000 128489.812440 275.956893
10 -10.990000 23.100000 -3223351.265423 0.920810
11 -10.370000 27.960000 206957.151850 435.477530
12 -10.350000 27.790000 -8704322.016949 0.660743
13 -8.900000 33.510000 479953.965958 607.729230
14 -9.190000 33.520000 -31734607.812931 0.506956
15 -7.440000 40.410000 1799812.558444 712.516242
16 -7.200000 41.290000 -178089239.767096 0.417287
17 -6.720000 50.750000 8806051.568147 1026.342968
18 -1.140000 52.200000 -7924162863.084415 0.058009
19 -0.500000 52.440000 -427755921.269788 -971.449090
20 2.230000 54.630000 186358502153.522280 0.125394
21 2.380000 54.820000 3162955167.192906 -3229.945588
22 4.690000 58.540000 -2178345829262.973100 0.085000
23 -7.250000 55.290000 -515137.711804 945.158002
24 -7.010000 56.170000 69449757.694344 0.416636
25 -7.030000 61.130000 -3276253.040969 1295.828972
26 -7.180000 62.480000 591251421.066404 0.346215
27 -8.600000 66.950000 -17958595.620825 2204.196997
28 -8.370000 67.660000 4729122599.376099 0.256935
29 -7.590000 72.550000 -107128216.277742 3202.684189
30 -7.440000 72.730000 46114077780.082306 0.168960
31 -6.960000 77.410000 -556284276.016266 6417.026176
32 -7.000000 77.920000 509949068112.911500 0.085000
33 -15.090000 11.690000 5444574.660544 1.458728
34 -15.270000 11.670000 -199381.905974 206.315998
35 -18.000000 13.750000 3523307.712472 1.203086
36 -17.980000 13.580000 -35881.478211 401.536136
37 -17.660000 17.050000 813341.928886 0.752232
38 -19.580000 19.390000 -17122.438083 920.976218
39 -19.060000 23.990000 826402.371238 0.497095
40 -18.880000 26.920000 -18037.128075 1233.330547
41 -15.480000 39.010000 1437028.476605 0.489663
42 -15.430000 39.180000 -37686.460513 1493.952489
43 -18.280000 53.520000 3079844.142465 0.654908
44 -18.270000 53.690000 -96070.959744 1721.183938
45 -20.430000 59.770000 8093423.495220 0.709489
46 -20.480000 60.450000 -246789.293790 1982.445829
47 -21.500000 70.570000 22754718.541212 0.765378
48 -21.530000 70.910000 -719080.136867 2243.889007
49 -22.190000 76.990000 72711849.660917 0.761389
50 -22.040000 77.180000 -2231465.455816 2514.894150
51 -21.100000 79.510000 265957860.481791 0.667113
52 -21.080000 79.680000 -7344280.184583 2885.445619
53 -22.740000 88.360000 931877661.968929 0.696380
54 -22.960000 89.350000 -24814068.978327 3355.486269
55 -25.730000 96.900000 3235956466.104572 0.743052
56 -25.560000 96.900000 -83310916.018819 3763.782649
57 -25.730000 105.970000 12186439957.554274 0.724449
58 -25.180000 107.060000 -309476187.573955 4215.769461
59 -23.550000 110.490000 55399318741.016861 0.617228
60 -23.620000 111.170000 -1248309987.322601 4933.664174
61 -23.750000 112.360000 259310996128.901150 0.540895
62 -23.420000 112.400000 -5047765821.228046 5774.149791
63 -18.420000 117.240000 1582308735329.272500 0.374010
64 -18.130000 117.450000 -25223597485.119576 7367.789669
65 -15.610000 120.470000 11905190067816.115000 0.255241
66 -15.430000 120.320000 -131350980770.881120 10905.380840
67 -16.160000 121.950000 88639932186029.891000 0.180711
68 -15.450000 123.060000 -549117014189.202820 19864.673235
69 -12.850000 131.400000 848870301935144.370000 0.085000
70 -23.610000 20.990000 577.481844 624.539755
71 -27.180000 24.770000 -13218.115434 1.078432
72 -27.240000 24.770000 400.661742 819.417846
73 -31.350000 28.000000 -10439.366449 1.072142
74 -31.480000 28.000000 271.495245 1078.686420
75 -33.410000 31.440000 -8747.149036 0.974017
76 -33.480000 31.610000 188.117907 1471.874777
77 -34.220000 34.650000 -8078.792839 0.805726
78 -34.290000 34.650000 129.865071 2157.420384
79 -36.600000 35.760000 -7647.592248 0.606730
80 -41.030000 40.120000 81.370077 3769.205838
81 -43.700000 42.410000 -7020.846181 0.491722
82 -43.810000 42.580000 51.461107 5798.270224
83 -46.390000 47.000000 -6444.090579 0.376042
84 -46.450000 47.680000 28.496376 10748.946939
85 -48.030000 49.550000 -6397.022579 0.221410
86 -48.290000 50.040000 17.985266 17714.477921
87 -52.070000 54.290000 -6147.592108 0.159581
88 -52.270000 54.290000 8.716755 38049.085000
89 -56.100000 57.650000 -5949.187070 0.085000
90 -32.480000 25.740000 -1.717130 1953.222614
91 -37.810000 27.790000 272.409450 0.537999
92 -37.940000 27.790000 -0.318119 2865.098179
93 -42.980000 31.380000 175.899129 0.470767
94 -47.880000 32.560000 0.228703 5183.331451
95 -47.940000 32.560000 119.283991 0.301153
96 -51.690000 32.840000 0.369604 12942.861819
97 -57.660000 35.590000 67.792214 0.158554
98 -57.750000 36.440000 0.157689 28610.293235
99 -61.990000 39.230000 39.692397 0.085000
100 -23.820000 13.600000 1404766.370349 489.432914
101 -31.420000 13.750000 -4130.803922 0.883165
102 -31.310000 13.740000 616889.683668 603.225297
103 -35.580000 14.590000 1351.717828 0.860804
104 -44.440000 16.310000 202534.382240 1049.236497
105 -49.350000 16.950000 1143.931566 0.797359
106 -52.300000 16.440000 65642.959605 1370.526520
107 -52.460000 16.420000 570.709456 0.628591
108 -54.710000 15.650000 19702.581929 1867.049907
109 -63.940000 14.560000 165.462190 0.498652
110 -75.450000 13.870000 3801.899764 2529.881800
111 -80.640000 13.960000 32.110393 0.444990
112 -87.940000 14.830000 603.221857 3622.739591
113 -88.080000 14.830000 5.640679 0.360572
114 -92.810000 11.780000 96.069492 3967.396344
115 -92.580000 11.780000 0.422803 0.274895
116 -94.960000 8.970000 11.533641 4485.600294
117 -96.280000 3.960000 -0.390809 0.085000
118 5.900000 5.720000 16096186.508514 -12.091852
119 6.040000 5.740000 -427608.711979 2.678875
120 10.980000 12.640000 -8381479.094143 -75.886664
121 17.790000 14.900000 865225.774533 3.438985
122 20.740000 13.480000 6251407.438872 -403.077666
123 21.820000 13.590000 -558872.606462 0.735519
124 26.040000 12.590000 -3260718.508937 -503.972369
125 26.290000 12.440000 278181.192036 0.648830
126 30.640000 11.570000 1323097.566901 -628.743998
127 30.860000 11.420000 -107938.997895 0.560440
128 35.100000 13.090000 -430215.871202 -966.386033
129 35.630000 13.150000 40682.334592 0.484789
130 39.980000 12.890000 141418.271332 -1289.035552
131 40.220000 12.910000 -13336.295772 0.402786
132 44.270000 12.170000 -41214.050096 -1695.371277
133 50.000000 14.360000 3316.842276 0.423485
134 50.160000 14.720000 11794.128744 -2181.353938
135 54.240000 16.590000 -917.858393 0.412499
136 54.370000 16.950000 -3596.479454 -2813.966506
137 59.460000 19.370000 267.564085 0.409282
138 59.710000 19.550000 1167.099382 -3599.740498
139 68.940000 20.770000 -76.635209 0.397765
140 68.970000 20.940000 -350.620852 -4617.629251
141 85.180000 25.270000 19.800353 0.466139
142 85.280000 25.440000 104.478376 -5692.203793
143 90.300000 29.740000 -5.101569 0.471782
144 90.450000 29.930000 -33.769854 -6999.201857
145 92.530000 31.880000 2.245762 0.421451
146 101.190000 34.310000 9.984216 -13557.332969
147 101.340000 33.990000 -0.312421 0.254071
148 102.710000 33.120000 -2.856265 -20120.277332
149 103.040000 33.160000 0.543577 0.169818
150 109.110000 34.200000 1.283178 -43994.757353
151 109.280000 34.220000 0.231246 0.085000
152 103.650000 48.490000 1.134870 -62538.705588
153 105.180000 50.540000 -0.545004 0.085000
154 23.800000 16.270000 -209696.408486 -155.488492
155 24.240000 16.830000 -578537.226794 2.619430
156 31.250000 18.340000 117655.226805 -242.394557
157 31.840000 18.920000 332298.259314 2.482645
158 33.980000 20.530000 -68003.744181 -313.159988
159 35.340000 20.350000 -192550.570429 2.294622
160 38.310000 19.670000 37404.892444 -369.459446
161 39.110000 20.460000 96597.677647 2.164348
162 43.710000 24.260000 -18072.146813 -555.375334
163 44.230000 24.140000 -52879.269552 1.921623
164 54.160000 28.290000 8304.042796 -919.335758
165 54.340000 28.140000 27490.583083 1.662835
166 60.140000 26.440000 -4002.072214 -1129.465967
167 60.660000 26.320000 -11971.179268 1.413350
168 66.130000 24.750000 1623.596721 -1316.376933
169 66.300000 24.770000 4464.665241 1.247393
170 72.220000 25.620000 -567.417528 -1717.364935
171 72.400000 25.470000 -1578.632769 1.073648
172 77.440000 23.480000 190.027144 -2012.167502
173 77.790000 23.180000 475.999136 0.896059
174 89.800000 24.890000 -50.021370 -3078.432224
175 90.270000 24.950000 -131.249971 0.731578
176 94.170000 25.640000 13.394347 -4299.528146
177 94.200000 25.640000 35.634949 0.561734
178 98.800000 24.250000 -3.598269 -6116.135089
179 98.970000 24.270000 -8.783933 0.392721
180 108.690000 25.560000 0.763394 -12473.522857
181 112.110000 25.840000 1.986285 0.232244
182 112.160000 25.840000 -0.159994 -19683.053524
183 121.680000 25.500000 -0.403780 0.157639
184 121.810000 25.860000 0.051754 -43364.930294
185 124.570000 29.590000 0.101127 0.085000
186 11.610000 16.260000 -246609.260078 -552.626354
187 20.050000 19.510000 6811893.748236 0.706316
188 20.640000 20.090000 177002.441712 -773.159142
189 26.300000 23.300000 -5204601.914721 0.792405
190 26.790000 23.670000 -120917.147681 -1018.820769
191 32.520000 25.460000 3788852.651800 0.812529
192 37.210000 28.010000 65424.669959 -1622.109909
193 37.540000 28.050000 -2827300.966458 0.649085
194 40.880000 30.070000 -33133.909443 -2565.854655
195 41.040000 30.090000 2071700.322758 0.481248
196 48.150000 38.440000 13391.872488 -5946.664613
197 52.060000 41.790000 -1529743.185654 0.365840
198 52.050000 41.960000 -5755.685297 -11152.077350
199 58.430000 47.280000 1098562.538705 0.247714
200 61.270000 48.170000 1393.498437 -37977.289118
201 62.270000 51.840000 -849813.164554 0.085000
202 10.660000 19.620000 -10033.802759 -482.217935
203 13.980000 25.310000 346998.114003 0.731864
204 17.240000 31.450000 9598.109557 -1137.008267
205 17.000000 31.450000 -642090.389608 0.470120
206 17.710000 36.930000 -7799.375845 -3040.307056
207 18.730000 41.320000 1266117.676406 0.254533
208 23.270000 48.330000 4599.360761 -13304.131471
209 23.240000 48.660000 -2633040.525230 0.085000
210 8.980000 26.160000 -828.650515 -316.779275
211 8.800000 26.160000 29851.732506 0.726130
212 7.580000 31.190000 1855.429509 -501.815541
213 8.190000 31.190000 -113742.503223 0.508785
214 6.800000 34.150000 -4245.042362 -915.025494
215 8.210000 36.530000 473250.722396 0.327671
216 8.360000 36.720000 8925.589074 -1946.954706
217 8.720000 37.960000 -1993037.242722 0.170000
218 -1.990000 6.830000 17433515.039453 0.760193
219 -2.010000 7.000000 -2907257.885031 41.975829
220 -3.200000 10.290000 37749691.964072 0.792475
221 -3.220000 10.460000 -4308096.652868 91.655720
222 -5.180000 14.680000 75874677.644156 0.833517
223 -5.020000 15.020000 -7459258.084678 152.781619
224 -5.220000 19.860000 217835536.867132 0.680058
225 -5.240000 20.030000 -17670384.645151 246.924202
226 -5.480000 22.220000 795390482.387617 0.493639
227 -5.310000 22.240000 -35746023.681059 494.865784
228 -4.760000 24.700000 3714363252.176878 0.237706
229 -4.780000 25.040000 -52611933.839347 1767.805294
230 -4.710000 31.900000 19744949425.472683 0.085000
231 2.820000 -10.110000 -1301146.480320 15.076924
232 4.020000 -18.020000 -4054568.537145 5.782776
233 3.410000 -26.720000 -3843845.215734 28.184816
234 2.430000 -40.580000 -41356636.408399 3.771662
235 0.320000 -45.000000 -256755145.704615 7.248340
236 0.150000 -45.490000 -10224572229.230442 1.142326
237 0.520000 -51.130000 2608726933.915162 -200.397509
238 -1.140000 -58.850000 460915157503.163210 0.333084
239 -0.280000 -67.500000 1130749573544.354200 27.514291
240 -0.430000 -67.850000 -69894237860929.352000 -1.097678
241 -1.860000 -71.120000 -76383048905888.922000 65.078290
242 -1.770000 -71.120000 2768056523131236.000000 -1.962519
243 -0.920000 -82.240000 8717929660124481.000000 26.112274
244 -0.830000 -86.730000 -268021446162094910.000000 -2.821065
245 -0.680000 -86.720000 -1346439411601533200.000000 17.262433
246 0.300000 -92.600000 -74805627870913217000.000000 1.666723
247 0.330000 -98.930000 -242942245245783670000.000000 30.462058
248 0.760000 -112.020000 -9547329117563427700000.000000 2.850472
249 -2.410000 -116.230000 2468719317470701200000.000000 -449.498675
250 -4.630000 -118.540000 239763659960770470000000.000000 1.220544
251 -5.500000 -121.230000 -45796757399935627000000.000000 -634.685732
252 -5.350000 -121.400000 -5434454943140596200000000.000000 1.023051
253 -5.530000 -124.530000 838312659677808840000000.000000 -807.279559
254 -5.480000 -124.530000 123521019565956840000000000.000000 0.845160
255 -3.130000 -126.250000 -26644249898870572000000000.000000 -585.286836
256 -3.480000 -126.580000 -4482488000771511900000000000.000000 0.752401
257 -4.970000 -133.190000 525272875667581490000000000.000000 -1136.595100
258 -4.950000 -133.360000 120628661254872950000000000000.000000 0.580711
259 -4.610000 -136.360000 -10746967090173595000000000000.000000 -1530.564308
260 -4.410000 -136.510000 -3730329077804945500000000000000.000000 0.393281
261 -4.220000 -145.890000 197372638448520510000000000000.000000 -2757.310808
262 -4.140000 -146.560000 131457605274210560000000000000000.000000 0.220048
263 -3.370000 -150.580000 -5267963632850820000000000000000.000000 -3757.597353
264 -2.060000 -155.050000 -9609385426747289600000000000000000.000000 0.085000
265 0.760000 -125.020000 -20505415700497446000000.000000 58.209358
266 1.800000 -134.650000 -653431934962420500000000.000000 4.225466
267 1.590000 -134.840000 -1387193131669134700000000.000000 63.515858
268 1.080000 -151.500000 -80490414767049999000000000.000000 2.610991
269 1.660000 -151.500000 -85387293310771925000000000.000000 142.811622
270 2.480000 -156.090000 -4887789773344322900000000000.000000 2.726816
271 2.530000 -156.090000 -3625881938946924600000000000.000000 210.413664
272 4.190000 -163.770000 -181349189993606330000000000000.000000 3.274405
273 5.190000 -171.550000 -84713655808626693000000000000.000000 367.242486
274 8.580000 -178.180000 -3617534607921425700000000000000.000000 4.172532
275 8.600000 -178.350000 -1397601718052080700000000000000.000000 461.638884
276 11.180000 -188.320000 -57602802849950093000000000000000.000000 4.569159
277 11.600000 -189.130000 -18468445958716400000000000000000.000000 589.893602
278 12.230000 -191.290000 -889511032211459700000000000000000.000000 3.971653
279 17.460000 -195.310000 -8259767208454078100000000000000.000000 21033.328824
280 18.300000 -195.390000 -9493387734469658600000000000000000.000000 0.170000
281 11.110000 -207.140000 -243756755386272330000000000000000.000000 755.890088
282 11.120000 -207.310000 -16556499994858538000000000000000000.000000 3.052168
283 12.190000 -216.940000 -3337333507972705500000000000000000.000000 1076.238590
284 12.190000 -216.770000 -294485758445231130000000000000000000.000000 2.456600
285 9.500000 -221.270000 -20761814525556655000000000000000000.000000 3138.495611
286 9.280000 -223.690000 -7020693965517557500000000000000000000.000000 0.661503
287 7.170000 -224.270000 -231578152841953450000000000000000000.000000 6799.134618
288 6.850000 -227.140000 -229849924557320910000000000000000000000.000000 0.228848
289 4.800000 -230.150000 1252306067832401700000000000000000000.000000 -42242.037706
290 4.670000 -230.150000 -11327682971073814000000000000000000000000.000000 -0.025444
291 1.420000 -238.660000 2237167182489753400000000000000000000000.000000 -1208.432181
292 1.460000 -238.830000 -1852078969526035600000000000000000000000000.000000 -0.288488
293 2.540000 -243.480000 396292431268963400000000000000000000000000.000000 -1137.907646
294 -3.510000 -250.840000 128502917968710190000000000000000000000000000.000000 0.773570
295 -6.240000 -254.380000 -10679126502802195000000000000000000000000000.000000 -3060.978093
296 -6.100000 -254.380000 -5359228762317821600000000000000000000000000000.000000 0.506893
297 -12.910000 -261.700000 104566449681779850000000000000000000000000000.000000 -13412.621078
298 -13.060000 -261.890000 107391794145730680000000000000000000000000000000.000000 0.255000
299 16.190000 -220.510000 -21678660917575213000000000000000000.000000 2995.436611
300 15.430000 -221.970000 -4207896381326502900000000000000000000.000000 1.143567
301 15.580000 -221.980000 -194072939782439400000000000000000000.000000 4812.978253
302 17.360000 -229.430000 -53801057472779345000000000000000000000.000000 0.827607
303 17.390000 -229.760000 -1245583964827708400000000000000000000.000000 9924.125000
304 17.410000 -242.250000 -709982859951793790000000000000000000000.000000 0.425000
