0 0.000000 0.000000 297.044426 -45.555985
1 2.330000 3.330000 -243.197683 4.067300
2 -2.330000 -3.330000 243.197683 4.067300
3 -3.120000 7.370000 -29704.882795 0.087382
4 -5.840000 9.270000 196.549062 1033.506024
5 -9.060000 9.460000 -8026.526167 654.138828
6 -12.010000 9.090000 131.176162 0.166901
7 -13.560000 9.460000 -5380.576821 972.525823
8 -15.480000 5.420000 39.179159 0.086282
9 -20.340000 2.090000 -1433.809985 828.954116
10 -30.190000 0.910000 -1161.788709 0.034112
11 -34.110000 0.060000 -39.510985 -2304.423822
12 -35.050000 -1.520000 1390.731374 0.052524
13 -39.670000 -1.430000 2.683194 -3237.099083
14 -42.170000 -4.610000 -47.182641 0.060054
15 -45.430000 -6.870000 -0.338343 -12457.125804
16 -51.810000 -11.110000 0.061363 -29985.961008
17 -54.870000 -13.280000 -116.090904 0.067177
18 -56.820000 -15.680000 -0.148153 -27688.285000
19 -58.520000 -16.560000 31.045116 0.035000
20 -51.370000 -13.040000 124.004848 0.035000
21 -44.810000 -9.730000 7.083546 0.035000
22 -32.960000 -1.370000 -1481.144262 0.035000
23 -20.600000 0.040000 1704.068555 0.035000
24 -15.360000 12.060000 28.826362 2264.361204
25 -18.860000 11.830000 -3440.660343 0.098536
26 -22.220000 11.930000 9.853859 4172.196393
27 -25.890000 12.080000 -1585.489881 0.074961
28 -26.500000 11.600000 2.360093 7692.416686
29 -31.130000 11.440000 -1.358661 3710.741966
30 -33.230000 8.690000 0.818595 0.077820
31 -35.840000 7.280000 -0.321655 6093.245290
32 -40.000000 7.130000 -2.036231 10396.278951
33 -43.620000 6.080000 -204.579974 0.065629
34 -47.370000 6.910000 -0.336723 10686.829286
35 -48.830000 7.660000 -28.877113 0.035000
36 -39.720000 5.600000 224.654175 0.035000
37 -36.580000 5.830000 2.435685 0.035000
38 -27.250000 9.880000 -673.363482 0.035000
39 -15.540000 13.090000 0.026160 5262.583419
40 -15.530000 15.950000 0.137733 5436.675025
41 -17.010000 18.340000 -0.051024 0.057382
42 -18.880000 20.810000 0.065373 17554.233918
43 -20.270000 24.650000 5.308529 0.114980
44 -21.560000 29.240000 0.025382 7882.183731
45 -22.220000 33.200000 6.981200 0.093592
46 -23.680000 40.770000 0.064486 16477.299200
47 -25.680000 43.070000 11.007624 0.067125
48 -27.710000 44.670000 0.041959 38530.826429
49 -29.490000 45.730000 16.606037 0.035000
50 -21.100000 21.910000 -5.209166 0.035000
51 -13.880000 13.270000 26.938689 0.035000
52 -5.390000 6.710000 -37595.548649 0.035000
53 -4.380000 -1.880000 1953.692150 0.310404
54 -6.430000 -2.240000 -75.795380 -52.298429
55 -8.500000 -1.700000 4.307883 -262.050096
56 -10.390000 -1.450000 12.675931 0.057483
57 -13.620000 -3.500000 -0.227810 -2120.246177
58 -16.930000 -7.200000 -2.470982 0.057490
59 -18.530000 -9.220000 0.250607 -7596.393571
60 -21.270000 -12.500000 1.216795 0.035000
61 -5.730000 -0.320000 -770.129191 0.035000
62 -3.920000 -8.040000 23764.691788 0.100361
63 -6.680000 -9.430000 -232.542361 -963.759467
64 -7.740000 -11.200000 -28954.275523 0.089944
65 -11.250000 -11.440000 141.699093 -2342.364163
66 -14.360000 -9.700000 23067.390496 0.059465
67 -15.490000 -9.370000 -36.441093 -5932.706083
68 -17.200000 -8.350000 -4499.618094 0.066595
69 -20.660000 -7.100000 7.233615 -4642.747857
70 -21.580000 -7.530000 1480.546415 0.035000
71 -15.070000 -8.770000 -9206.811093 0.035000
72 -13.480000 -12.570000 -0.205199 -4657.636269
73 -15.400000 -14.210000 0.193353 -5087.146794
74 -15.500000 -14.300000 0.063105 -2941.655479
75 -16.090000 -16.300000 -0.050512 0.089155
76 -14.460000 -19.510000 0.063598 -5209.372421
77 -15.780000 -23.080000 0.081605 0.069912
78 -15.840000 -25.060000 -0.076704 -11369.883187
79 -16.600000 -25.870000 -0.058436 -19687.884150
80 -20.520000 -27.610000 -10.311772 0.120030
81 -24.110000 -29.150000 -0.034736 -8265.438453
82 -25.020000 -32.370000 11.930333 0.097986
83 -24.470000 -35.450000 -0.053046 -13772.377484
84 -25.240000 -38.490000 -16.901036 0.070539
85 -25.990000 -41.110000 -0.107726 -30064.406730
86 -26.380000 -43.990000 -0.046654 -19915.250244
87 -27.790000 -47.930000 -0.009456 0.066882
88 -29.480000 -50.340000 -0.093765 -46547.325000
89 -30.520000 -53.380000 -0.148338 0.035000
90 -27.510000 -38.250000 25.128265 0.035000
91 -18.190000 -28.800000 11.629458 0.035000
92 -14.910000 -26.690000 -0.206416 0.035000
93 -12.700000 -14.020000 0.309017 0.035000
94 -14.820000 -11.000000 -120.205292 0.035000
95 2.820000 -9.690000 2.747438 1082.680449
96 5.520000 -14.460000 521.254407 0.073726
97 6.470000 -17.630000 3.183006 2945.459844
98 4.210000 -22.790000 -0.516294 -129.728608
99 2.350000 -24.800000 30.514374 -0.449124
100 1.210000 -26.690000 -12.167019 -66.707857
101 -0.080000 -29.200000 -10175.056052 0.035000
102 9.450000 -20.440000 972.584908 0.065563
103 13.380000 -26.050000 2.254871 11404.454307
104 14.500000 -29.990000 0.036358 14148.440133
105 17.300000 -34.630000 0.009394 21403.795000
106 20.660000 -36.260000 0.017848 0.035000
107 17.610000 -28.120000 3.782498 0.035000
108 15.690000 -25.440000 1614.683285 0.035000
109 2.730000 3.190000 -165.421445 -560.425251
110 6.160000 3.830000 -152.975969 0.042095
111 8.010000 3.260000 79.696416 -3680.213905
112 9.430000 2.450000 52.530465 0.006278
113 11.370000 1.360000 -17.383007 538.369149
114 15.510000 -0.450000 434.204378 0.051277
115 22.280000 -3.130000 -1.008506 4284.400934
116 25.050000 -4.610000 150.412775 0.074008
117 26.960000 -7.020000 -0.347317 4851.831120
118 31.470000 -10.630000 33.570379 0.068949
119 33.710000 -12.460000 -0.093947 12372.311300
120 37.950000 -15.160000 -0.323632 10218.836223
121 40.880000 -17.030000 0.007023 0.068128
122 43.680000 -17.910000 -0.087264 23614.737000
123 46.040000 -17.770000 -0.639281 22547.066335
124 59.510000 -22.920000 0.002885 0.060494
125 63.440000 -25.950000 -0.205114 64573.702712
126 67.830000 -27.400000 96.014087 0.103396
127 70.720000 -29.070000 -0.103798 30057.854710
128 72.060000 -29.100000 38.756219 0.069764
129 72.880000 -29.220000 -0.037555 61257.892143
130 73.300000 -29.250000 15.472006 0.035000
131 65.030000 -25.080000 -100.121689 0.035000
132 43.070000 -19.190000 0.725827 0.035000
133 32.830000 -13.190000 13.166982 0.035000
134 21.570000 -4.420000 -111.645573 0.035000
135 11.830000 -1.190000 -575.307940 0.035000
136 5.600000 -3.590000 6.561592 853.228008
137 9.250000 -5.070000 115.098360 0.054967
138 10.960000 -6.880000 2.530915 3776.462332
139 13.650000 -10.380000 387.164349 0.055124
140 13.950000 -10.590000 0.804312 7340.890410
141 16.760000 -11.210000 58.830117 0.067727
142 16.650000 -13.570000 0.327764 6903.766496
143 19.560000 -16.760000 0.346730 6366.065869
144 23.100000 -18.160000 0.118234 0.065896
145 24.610000 -18.950000 0.143945 15094.492143
146 27.660000 -19.100000 -0.018601 0.035000
147 18.760000 -12.880000 42.045905 0.035000
148 13.080000 -12.220000 237.962503 0.035000
149 11.640000 -6.290000 -386.125879 0.060704
150 16.470000 -6.350000 1.678437 4068.818785
151 19.660000 -6.690000 -233.404814 0.058480
152 22.990000 -9.920000 0.758935 9713.015164
153 25.540000 -13.260000 -245.941774 0.118016
154 25.630000 -13.370000 0.176789 15230.030890
155 26.720000 -12.070000 -167.032627 0.093308
156 27.690000 -14.550000 0.215962 6909.734613
157 30.690000 -18.260000 -79.256184 0.081103
158 31.780000 -19.020000 0.148440 13110.898289
159 36.360000 -22.400000 -41.515341 0.062121
160 41.430000 -27.130000 0.066090 41443.275000
161 49.220000 -29.470000 -22.923883 0.035000
162 26.500000 -15.550000 44.259022 0.035000
163 26.120000 -8.100000 0.464791 3496.137368
164 32.440000 -9.380000 -61.442190 0.087036
165 34.070000 -10.520000 0.161732 6887.838118
166 35.680000 -13.000000 -18.143988 0.067342
167 36.550000 -14.950000 0.047539 16895.017857
168 37.640000 -15.710000 -7.233111 0.035000
169 21.520000 -11.130000 184.198448 0.035000
170 16.500000 -3.860000 129.393368 0.035000
171 -0.850000 7.860000 -11020.905143 0.211822
172 0.410000 16.590000 -4753.018306 -38.467541
173 3.270000 21.320000 55963.538828 1.810696
174 7.680000 21.820000 231.610673 -5269.985790
175 9.840000 23.360000 0.761165 -6323.109274
176 13.790000 26.700000 -0.054725 -6607.203974
177 18.890000 30.490000 -1.199639 0.087170
178 20.360000 31.710000 -0.030916 -12375.116615
179 23.790000 36.680000 1.500700 0.070514
180 25.830000 37.400000 -0.051046 -27201.985758
181 29.240000 39.960000 -0.049666 -32112.716586
182 30.920000 43.260000 -0.044370 -42774.502143
183 32.560000 45.980000 0.003381 0.035000
184 27.340000 41.110000 0.050236 0.035000
185 24.800000 38.390000 -2.295248 0.035000
186 8.960000 24.700000 -604.022020 0.035000
187 8.090000 22.800000 -150944.666684 0.035000
188 3.570000 24.540000 27337.413576 -50.236781
189 0.050000 27.890000 -27486121.046524 0.027739
190 -1.650000 28.020000 252156.879331 3054.292136
191 -4.910000 28.500000 -90284384.769512 0.079598
192 -6.960000 30.740000 578523.037933 4797.287757
193 -8.260000 32.990000 -335995367.646302 0.056803
194 -11.600000 39.180000 631520.681360 20845.393791
195 -13.340000 44.170000 -421865671.439171 0.066121
196 -15.090000 47.460000 870044.555024 23012.320714
197 -16.850000 47.800000 -1188232303.433449 0.035000
198 -10.210000 40.910000 -738157526.127301 0.035000
199 -1.540000 29.460000 -212244126.145801 0.035000
200 -1.290000 30.450000 -477232.428590 -1753.762967
201 -1.490000 31.550000 6141.770735 2451.482110
202 -1.510000 31.690000 -75.498730 2581.234484
203 -1.100000 35.880000 0.853147 2866.303113
204 1.090000 36.500000 -0.101536 2260.300397
205 1.230000 36.540000 -0.084773 2212.127146
206 1.360000 36.580000 2.584374 0.100382
207 3.230000 38.860000 -0.009120 -1919.770291
208 9.090000 39.520000 -0.081718 -10208.588996
209 11.350000 41.070000 -0.074329 -12947.095691
210 16.130000 43.120000 -0.058371 -8614.665493
211 19.170000 42.960000 0.006108 0.095597
212 20.920000 43.530000 -0.030716 -15027.826224
213 21.860000 43.330000 -0.147064 0.063029
214 23.490000 43.980000 -0.053382 -36857.665000
215 28.050000 45.990000 0.143307 0.035000
216 10.680000 42.430000 0.107706 0.035000
217 9.470000 37.730000 -0.193567 0.035000
218 2.250000 41.600000 -45.655839 0.048754
219 1.360000 48.060000 -0.494595 -4752.170964
220 1.930000 52.630000 -0.014431 1312.482786
221 1.950000 52.770000 -0.030272 -1135.236570
222 2.030000 55.080000 -0.030372 -7904.860761
223 2.040000 55.220000 -0.030039 -1080.680328
224 3.270000 57.960000 -0.029007 -8688.247790
225 3.330000 58.090000 1.159512 0.164344
226 3.240000 62.720000 0.001360 -1571.105687
227 5.660000 67.220000 -0.036829 -4797.020467
228 7.760000 72.030000 -0.398217 0.116520
229 8.750000 75.380000 -0.038089 -8090.961405
230 8.740000 78.980000 3.091408 0.085315
231 8.200000 86.230000 -0.012187 -14053.121359
232 9.390000 89.870000 -28.712639 0.060049
233 7.510000 95.940000 -0.125138 -28763.891209
234 9.730000 100.410000 153.543112 0.063919
235 11.190000 107.010000 0.370966 -41406.637847
236 12.390000 111.560000 -0.018216 -10403.098970
237 14.320000 114.070000 -3.084800 0.157018
238 11.260000 119.240000 -0.053649 -11003.615123
239 13.030000 127.430000 28.015616 0.150897
240 12.500000 131.840000 0.245273 -14219.577060
241 10.100000 136.920000 -365.977956 0.097252
242 7.750000 137.680000 -1.589279 -31992.786754
243 5.500000 138.980000 434.786081 0.503573
244 2.830000 142.640000 72.003701 -861.490727
245 0.640000 146.860000 -96905.166852 0.109098
246 2.180000 150.990000 -3293.753533 -4442.224097
247 0.920000 155.640000 15904163.059118 0.032233
248 0.580000 160.360000 -75864.771142 33617.588687
249 0.950000 162.990000 -2684619924.624454 -0.004606
250 1.230000 170.020000 86444634.886358 5280.131966
251 0.580000 177.470000 -277010368269.144170 0.055382
252 -0.480000 180.650000 11762430110.254110 4254.386429
253 -0.810000 183.830000 -61779643633059.227000 0.035000
254 -1.440000 173.510000 -428543102519.772520 0.035000
255 7.870000 135.530000 6098.427845 0.035000
256 8.730000 144.850000 -1.214969 -43754.895122
257 10.110000 147.470000 -0.011518 -21336.026783
258 8.760000 151.740000 20.396332 0.062300
259 7.400000 155.200000 0.072136 -42068.449117
260 8.280000 159.690000 -161.861526 0.074112
261 7.080000 163.770000 -0.897481 -29645.604330
262 7.240000 168.360000 -0.006975 -41684.229420
263 7.240000 168.500000 -0.003168 -7181.792985
264 7.750000 172.190000 0.080694 0.185812
265 6.760000 176.010000 -0.001087 -7889.456128
266 7.440000 180.120000 -1.976205 0.169858
267 10.640000 181.030000 -0.008987 -57625.782287
268 14.490000 181.820000 -0.002480 -46221.871610
269 16.870000 183.130000 0.067222 0.066839
270 18.650000 184.310000 -0.002581 -107963.033571
271 20.410000 185.140000 -0.631530 0.035000
272 11.240000 179.440000 31.787246 0.035000
273 9.330000 188.400000 -0.014943 -17329.449826
274 11.820000 195.630000 31.456645 0.133434
275 10.910000 201.820000 0.294442 -22368.804273
276 6.600000 204.380000 -960.233788 0.060389
277 3.600000 206.210000 -6.755513 -29239.704478
278 1.010000 208.720000 -0.062785 -17639.351137
279 0.910000 208.810000 295.337865 0.058281
280 -1.910000 210.520000 -3.572421 17270.954000
281 -6.760000 216.160000 9196.702994 0.084607
282 -15.070000 225.380000 -30.240875 68467.611617
283 -16.590000 229.310000 124939.428112 0.055563
284 -17.850000 231.360000 -143.896645 200836.864325
285 -18.890000 233.880000 519844.457261 0.064755
286 -21.350000 236.990000 -724.446434 170049.292143
287 -24.600000 241.940000 5008044.863034 0.035000
288 -20.030000 231.720000 952876.303239 0.035000
289 2.460000 204.580000 465.559119 0.035000
290 4.910000 208.430000 40328.616956 0.035000
291 10.110000 206.260000 -0.875111 65.740438
292 7.670000 209.760000 -7.582914 -24.485937
293 6.890000 213.180000 27.049163 59.900248
294 4.700000 216.510000 344.367855 -16.998126
295 4.600000 220.890000 -1275.068964 59.653996
296 2.240000 224.500000 -33937.204481 -8.434896
297 2.820000 227.070000 101930.792379 75.601570
298 -0.020000 234.170000 -385127897.189415 0.061977
299 -3.340000 235.690000 3110673.595739 29180.430619
300 -4.520000 237.150000 -22546.763562 32718.452143
301 -4.780000 239.570000 154329591.326941 0.035000
302 -4.370000 233.710000 -20771300528.861786 0.035000
303 8.920000 163.560000 16.880398 0.035000
304 6.290000 164.960000 4214.243884 0.035000
305 5.470000 155.020000 -333.784257 0.035000
306 10.500000 145.850000 5048.663416 0.035000
307 13.460000 107.670000 -1220.912015 0.035000
308 4.940000 95.500000 254.591184 0.035000
309 0.870000 63.210000 -86.742710 0.035000
310 4.730000 55.580000 -0.794733 0.035000
311 0.690000 54.820000 0.192809 0.035000
312 5.250000 52.700000 0.017088 0.035000
313 0.750000 52.980000 -1.034356 0.035000
314 -0.950000 48.350000 -25.779021 0.035000
315 3.450000 48.210000 635.555009 0.035000
316 -2.610000 36.310000 1.088756 0.035000
317 -2.250000 35.160000 15.143134 0.035000
318 -3.000000 33.440000 -901.978411 0.035000
319 -2.810000 32.150000 69264.118749 0.035000
320 -2.750000 31.200000 -5475036.769804 0.035000
321 2.040000 30.090000 410283449.607874 0.035000
