0 -0.530000 1.080000 -186201938078912590000000000000.000000 12.252141
1 -0.530000 8.450000 213617536927663220000000000000.000000 7.365530
2 -0.530000 -6.270000 -158506740418514620000000000000.000000 7.365530
3 6.360000 3.980000 90875530601587820000000000000.000000 8.154931
4 8.770000 7.040000 71964004735022882000000000000.000000 -8.890052
5 11.810000 7.650000 -61544469192595757000000000000.000000 8.945152
6 13.020000 9.480000 -36563427688163151000000000000.000000 -15.956971
7 12.420000 10.090000 50538109134338581000000000000.000000 7.299936
8 16.660000 8.860000 3735637839407756000000000000.000000 -119.863773
9 20.900000 10.710000 -21532426211630688000000000000.000000 1.858067
10 24.530000 10.710000 -1099941435059946800000000000.000000 -209.658694
11 30.590000 12.540000 7560567155762533800000000000.000000 1.824369
12 34.220000 13.760000 269407436189812880000000000.000000 -386.156394
13 34.830000 13.760000 -2991570357800381800000000000.000000 1.239164
14 34.830000 14.380000 -54468741185833887000000000.000000 -789.788433
15 37.260000 13.150000 578210871703399490000000000.000000 1.238759
16 38.470000 13.760000 9525509987344916700000000.000000 -835.249935
17 39.680000 13.150000 -200581826491555360000000000.000000 0.624486
18 40.290000 13.760000 -1590543540671662200000000.000000 -1735.259590
19 38.470000 13.760000 71756980720137940000000000.000000 0.305000
20 39.070000 15.600000 550488821446589390000000000.000000 1.543560
21 42.100000 14.990000 16195089595197123000000000.000000 -509.526507
22 43.310000 15.600000 -190643429596188180000000000.000000 1.325214
23 42.710000 15.600000 -4553901935336869900000000.000000 -653.074560
24 46.340000 14.990000 26518307288981714000000000.000000 2.574184
25 48.770000 16.210000 1233850856829203500000000.000000 -348.390374
26 51.800000 17.440000 -8305754549531401700000000.000000 2.590777
27 54.220000 15.600000 -350149461554670510000000.000000 -370.041326
28 58.460000 16.210000 2218210170346630900000000.000000 2.558785
29 61.490000 16.820000 81303767601975692000000.000000 -458.899952
30 63.910000 16.820000 -584182330063353750000000.000000 2.340929
31 68.760000 16.210000 -17297175107561203000000.000000 -547.464861
32 72.390000 16.210000 130886465102013680000000.000000 2.142217
33 73.590000 15.600000 3267656429371557200000.000000 -624.860324
34 77.230000 17.440000 -26451191127830784000000.000000 2.154456
35 80.870000 18.660000 -604925372007562350000.000000 -815.934079
36 84.510000 20.490000 5842666296104421700000.000000 2.121449
37 85.720000 21.110000 123809002007968990000.000000 -996.201274
38 88.750000 24.160000 -1390157152184526700000.000000 2.151718
39 92.990000 24.160000 -27607565943609528000.000000 -1216.557695
40 99.050000 26.000000 339168269605158650000.000000 2.116344
41 102.680000 26.000000 5983155359410540500.000000 -1473.866961
42 105.710000 26.610000 -83437705724328329000.000000 1.908151
43 109.350000 26.000000 -1223258014339226100.000000 -1773.444624
44 113.280000 28.750000 19153896914962133000.000000 1.836110
45 118.740000 29.360000 246982729940957600.000000 -2276.913910
46 121.760000 29.980000 -4619199598849541100.000000 1.602992
47 126.610000 31.810000 -47355551425486136.000000 -3102.840846
48 128.430000 31.810000 1144212276591050800.000000 1.316522
49 129.030000 31.200000 8969970909745356.000000 -3979.881695
50 133.270000 34.260000 -267893440915196580.000000 1.147140
51 136.300000 34.260000 -1655199588325318.500000 -5544.968323
52 141.150000 33.650000 65026809221601656.000000 0.856531
53 146.000000 34.860000 245645817359989.370000 -9228.060929
54 150.840000 37.320000 -15028569951202126.000000 0.610005
55 151.440000 37.930000 -30268014188841.621000 -18832.872705
56 151.440000 37.930000 3764150092402432.000000 0.305000
57 46.040000 17.130000 37935883623357961000000000.000000 2.056321
58 51.490000 19.570000 1290306771163262800000000.000000 -575.371113
59 58.760000 25.690000 -12641231893708645000000000.000000 2.622211
60 63.000000 28.140000 -464958813073064700000000.000000 -765.066185
61 67.840000 30.590000 5245667422272235600000000.000000 2.711398
62 70.880000 33.650000 178092008015124400000000.000000 -991.154576
63 72.700000 33.650000 -2428762404702961600000000.000000 2.467428
64 78.150000 39.150000 -67204395857639557000000.000000 -1414.878401
65 82.390000 40.990000 1154345739590454100000000.000000 2.386381
66 84.210000 40.990000 28531442057113844000000.000000 -1658.403097
67 87.230000 43.440000 -542535067701938910000000.000000 2.284471
68 89.050000 42.820000 -12059883742975115000000.000000 -1926.332964
69 92.690000 44.660000 250674612833516380000000.000000 2.148580
70 93.290000 46.490000 4953785518780640700000.000000 -2352.516617
71 98.740000 48.330000 -118041053830397030000000.000000 2.028247
72 102.980000 50.160000 -1975276099285271400000.000000 -2997.524884
73 104.800000 50.160000 56503260680753783000000.000000 1.753524
74 110.860000 53.220000 738285717414029560000.000000 -4073.089134
75 113.890000 53.830000 -26405555453275333000000.000000 1.505059
76 117.520000 55.060000 -269641131340607850000.000000 -5391.944011
77 119.950000 55.060000 12121484983763225000000.000000 1.224804
78 122.980000 54.450000 90660170528265437000.000000 -7280.097241
79 126.610000 53.220000 -5213194129357228000000.000000 0.925524
80 130.250000 52.610000 -24836161735587955000.000000 -11043.016472
81 132.660000 50.780000 2067493729645809600000.000000 0.610004
82 131.460000 48.940000 4796856118904491000.000000 -21093.637295
83 131.460000 48.940000 -769698814620281210000.000000 0.305000
84 12.720000 11.010000 19303313436830445000000000000.000000 -28.825340
85 13.330000 12.850000 -42618386061391623000000000000.000000 5.820201
86 12.720000 12.850000 -17473541988689412000000000000.000000 -31.341457
87 13.330000 12.850000 41876800734586611000000000000.000000 5.361800
88 14.540000 18.350000 10618893566122793000000000000.000000 -72.365288
89 16.360000 23.860000 -47363308318286597000000000000.000000 5.349432
90 16.360000 29.360000 -13735452258870813000000000000.000000 -101.240695
91 16.960000 33.650000 82482115615655146000000000000.000000 5.603614
92 16.360000 38.540000 25201484631022708000000000000.000000 -126.137836
93 16.360000 38.540000 -195238852935765200000000000000.000000 4.974754
94 19.390000 42.820000 -16307781950390832000000000000.000000 -512.646521
95 19.390000 45.270000 431413179793931620000000000000.000000 1.711244
96 22.410000 50.160000 27071497949890401000000000000.000000 -799.353074
97 21.810000 53.220000 -992569550909597720000000000000.000000 1.451531
98 24.840000 56.280000 -45813663762710945000000000000.000000 -1219.326501
99 27.260000 61.180000 2049735417925157100000000000000.000000 1.367435
100 27.260000 66.680000 79886670819350052000000000000.000000 -1710.878126
101 27.260000 70.340000 -5014700040420007600000000000000.000000 1.120551
102 27.260000 74.020000 -150027326232757910000000000000.000000 -2474.136588
103 28.470000 77.080000 13039475072932555000000000000000.000000 0.886854
104 27.870000 81.360000 272230585173180830000000000000.000000 -3897.033433
105 28.470000 83.200000 -37266411038365661000000000000000.000000 0.607775
106 30.900000 82.590000 -365156288663660730000000000000.000000 -8428.809754
107 30.900000 83.200000 99609846612513355000000000000000.000000 0.305000
108 15.750000 41.600000 -34091290135580895000000000000.000000 -238.240801
109 12.720000 45.270000 639334443837986280000000000000.000000 2.413936
110 10.900000 48.940000 123698687987812960000000000000.000000 -252.945510
111 10.300000 53.220000 -3041432600123041000000000000000.000000 2.164521
112 8.480000 56.280000 -666934815055881650000000000000.000000 -256.654508
113 7.880000 56.280000 21748127138771170000000000000000.000000 1.725900
114 8.480000 58.120000 3644093468634412100000000000000.000000 -346.862988
115 7.880000 61.180000 -160547283986461150000000000000000.000000 1.388660
116 5.450000 66.060000 -31922700329391322000000000000000.000000 -332.232345
117 5.450000 71.580000 1947796330962585100000000000000000.000000 1.173134
118 3.630000 77.690000 465826173177477210000000000000000.000000 -324.851427
119 2.420000 81.980000 -62589410717067097000000000000000000.000000 0.610142
120 2.420000 82.590000 -7892008019993435900000000000000000.000000 -654.999262
121 2.420000 82.590000 2137052270069697900000000000000000000.000000 0.305000
122 11.510000 14.680000 3892340370009438000000000000.000000 -157.938766
123 9.090000 17.130000 -67760021847809057000000000000.000000 0.983999
124 7.880000 18.960000 -5838703537395927200000000000.000000 -220.036864
125 6.660000 20.190000 193169792614619480000000000000.000000 0.610258
126 5.450000 20.190000 10819566545424741000000000000.000000 -360.467131
127 5.450000 20.190000 -716219831318444310000000000000.000000 0.305000
128 6.660000 1.220000 342327988957930840000000000000.000000 -1030.608502
129 10.300000 1.840000 -78649266221958552000000000000.000000 0.018335
130 12.720000 1.220000 -30784294263369363000000000000.000000 5.152765
131 13.930000 1.220000 10899181541909895000000000000.000000 -5.091611
132 18.170000 -1.220000 10875683067663557000000000000.000000 2.310699
133 21.810000 -2.450000 6301007302025050400000000.000000 48.545972
134 26.050000 -3.670000 1022564272435326800000000000.000000 2.019680
135 29.680000 -4.880000 -20064915364721727000000000.000000 102.382470
136 30.290000 -4.880000 165145358972599950000000000.000000 1.452337
137 31.500000 -5.510000 -6280308862167141900000000.000000 204.835822
138 35.740000 -7.340000 -15104389214440567000000000.000000 3.051925
139 38.150000 -8.560000 -968789294195813190000000.000000 133.458919
140 38.770000 -9.780000 -3319769258514903000000000.000000 2.854042
141 40.590000 -9.780000 -183944294058475860000000.000000 176.506390
142 42.410000 -9.780000 -762934615665417940000000.000000 2.357968
143 46.650000 -11.010000 -28668805003522311000000.000000 292.998265
144 49.070000 -11.620000 -170828724097190130000000.000000 1.950091
145 52.700000 -12.850000 -4360154384480629900000.000000 503.456738
146 55.130000 -14.070000 -39769838767391294000000.000000 1.542560
147 55.730000 -14.070000 -669058312136564410000.000000 836.342097
148 56.940000 -15.910000 -9801756529749861100000.000000 1.086001
149 58.160000 -16.520000 -131622799252390510000.000000 1230.220135
150 59.970000 -17.130000 -2699430930760308600000.000000 0.835250
151 60.580000 -18.350000 -23627799889593188000.000000 2096.452391
152 62.400000 -20.190000 -793707549687265230000.000000 0.601034
153 62.400000 -20.190000 -3765456364042798600.000000 4255.780410
154 62.400000 -20.800000 -256791778269148220000.000000 0.305000
155 58.160000 -14.680000 -17964827620286808000.000000 546.722531
156 61.190000 -15.910000 -160335141386737910000.000000 1.782644
157 62.400000 -16.520000 -3025923828522222600.000000 875.348054
158 63.610000 -18.960000 -41546718451753329000.000000 1.380892
159 66.640000 -21.410000 -670764805837283840.000000 1326.120921
160 70.270000 -24.470000 -12655623435125354000.000000 1.296942
161 73.300000 -26.310000 -171263978869373820.000000 1944.188467
162 73.910000 -26.310000 -4504359586856891900.000000 1.000354
163 78.150000 -33.040000 -40078382726319544.000000 3713.324506
164 82.990000 -39.150000 -1793129495638272000.000000 0.875045
165 86.630000 -45.270000 -11799194130967760.000000 6879.704780
166 87.840000 -47.720000 -924082121053445250.000000 0.609315
167 87.230000 -52.610000 -3223804849346334.000000 15080.305000
168 88.450000 -52.000000 -549632302183637120.000000 0.305000
169 66.030000 -16.520000 -62382115350976416.000000 801.323606
170 70.270000 -18.350000 -711103388387719810.000000 1.609768
171 75.120000 -17.730000 -12351241789565530.000000 1020.776962
172 78.750000 -17.130000 -160052012030075620.000000 1.321925
173 84.810000 -17.130000 -1919124020588190.500000 1428.615835
174 89.660000 -17.130000 -30572224328004860.000000 1.075309
175 93.290000 -17.130000 -252439340257628.340000 2074.566516
176 98.140000 -18.960000 -5335492243121506.000000 0.897059
177 101.170000 -18.960000 -31223927618192.160000 3239.852916
178 106.010000 -18.350000 -954168565528347.620000 0.600480
179 106.620000 -18.960000 -2644322447079.358400 6841.463689
180 106.620000 -19.570000 -169670132095957.870000 0.305000
181 33.320000 -3.670000 43624891516348827000000000.000000 1.033901
182 38.770000 -3.060000 -937692170148047290000000.000000 162.760282
183 40.590000 -3.060000 3295840457056481200000000.000000 0.764551
184 41.800000 -2.450000 -92693047369742852000000.000000 222.847800
185 46.650000 -3.060000 611472940959011690000000.000000 64.220357
186 50.280000 -2.450000 -9350436991724591000000.000000 1.927330
187 53.920000 -2.450000 27836806168992113000000.000000 81.428551
188 56.340000 -1.220000 -557309132255376770000.000000 0.847285
189 61.790000 -2.450000 552369037247261110000.000000 279.162044
190 66.640000 -2.450000 -23017405918158860000.000000 0.585490
191 69.670000 -2.450000 19525254055702999000.000000 608.547623
192 75.720000 -2.450000 -823399986614903170.000000 0.305000
193 79.360000 0.000000 605947699500880640.000000 0.305000
194 86.020000 0.000000 -2148500910808749.200000 0.881123
195 90.260000 1.220000 7260057365351.987300 -191.135000
196 95.720000 0.610000 27360601689200.195000 0.305000
197 104.200000 0.000000 -122587509674.372280 0.305000
198 108.440000 0.000000 344791501.742748 225.665000
199 112.680000 -0.610000 -933274.846748 0.305000
200 113.890000 0.000000 1849218.221014 -224.750715
201 119.340000 1.840000 -4726.104051 0.975694
202 126.310000 5.200000 -26926.817393 -979.301460
203 129.340000 8.260000 253.457402 1.090589
204 131.760000 7.650000 1687.381505 -1283.067246
205 136.610000 10.710000 -18.027308 1.140038
206 139.630000 11.320000 -129.477602 -1892.861931
207 142.060000 11.930000 1.623608 0.895207
208 145.690000 11.930000 10.507328 -2944.869276
209 146.900000 12.540000 -0.248770 0.625473
210 146.900000 13.760000 -0.991532 -6307.383525
211 146.300000 13.150000 -0.070024 0.305000
212 43.920000 -1.530000 -464984795002316550000000.000000 0.305000
213 44.830000 0.000000 -384451.573214 0.694122
214 49.070000 1.840000 2389.918480 -232.032070
215 52.700000 4.880000 13409.438132 1.106909
216 57.550000 7.950000 -273.453707 -570.541652
217 63.000000 11.620000 -1690.617933 1.282411
218 68.450000 12.850000 54.073346 -899.910622
219 71.480000 14.680000 303.802435 1.165639
220 75.120000 17.130000 -11.706156 -1495.174705
221 79.950000 19.570000 -65.017828 1.046234
222 84.210000 21.410000 2.984324 -2432.344506
223 87.230000 23.250000 15.942239 0.833699
224 91.470000 25.080000 -0.818716 -4339.080515
225 95.110000 27.530000 -4.212718 0.603398
226 98.740000 27.530000 0.228723 -9109.674016
227 98.740000 28.140000 1.159777 0.305000
228 18.170000 2.450000 -9897431856725518700000000000.000000 2.697972
229 21.200000 3.670000 -694674633539686900000000000.000000 -52.288616
230 24.840000 5.510000 1496140548340002600000000000.000000 2.558354
231 24.230000 5.510000 83257415076858079000000000.000000 -99.015018
232 27.260000 4.280000 11391785678296075000000000.000000 -31.280586
233 27.260000 4.280000 -13324789686879006000000000.000000 3.659108
234 29.080000 3.670000 -727919969615631830000000.000000 -67.180432
235 30.900000 3.670000 1589773260245266000000000.000000 1.680407
236 30.900000 2.450000 70763282981053805000000.000000 -55.041885
237 33.320000 1.220000 -117542835801624330000000.000000 0.734466
238 36.350000 1.220000 -1388738385622839100000.000000 -103.260817
239 39.380000 1.840000 3652255583687066800000.000000 0.699644
240 43.620000 1.220000 33043115005077246000.000000 -134.846603
241 44.830000 1.840000 -99616996702537810000.000000 0.610331
242 46.650000 1.840000 -652007451555586300.000000 -281.124508
243 46.650000 1.840000 3933421997972004900.000000 0.305000
244 47.250000 0.000000 -653.984964 138.300067
245 46.040000 -1.840000 5.902159 0.613889
246 46.040000 -3.060000 -24.428377 456.094508
247 45.430000 -3.060000 2.292346 0.305000
248 49.070000 0.000000 30178282.280399 0.904896
249 52.100000 -0.610000 -176666.199338 52.977526
250 56.340000 -0.610000 327701.338336 0.652473
251 58.760000 -1.220000 -3533.822665 206.310146
252 60.580000 -2.450000 6618.512689 0.720472
253 61.790000 -3.060000 -171.541704 455.090273
254 64.810000 -4.280000 314.531848 0.609929
255 65.430000 -6.120000 -11.467075 1313.195492
256 65.430000 -6.120000 30.693449 0.305000
257 29.080000 4.280000 -671507298009726100000000.000000 -84.928489
258 32.710000 5.510000 1749767948203458500000000.000000 2.114569
259 35.740000 4.880000 88593340454155978000000.000000 -96.382725
260 40.590000 4.880000 -211034455680497500000000.000000 2.048649
261 44.830000 7.340000 -8208119394015823000000.000000 -188.714714
262 49.070000 9.180000 31618022847157660000000.000000 2.383151
263 53.920000 10.400000 1218602356615025500000.000000 -269.839818
264 55.730000 11.010000 -5907035911164674400000.000000 2.271327
265 61.790000 10.400000 -187978086962715750000.000000 -326.810292
266 68.450000 9.780000 898327345400091250000.000000 2.046499
267 72.090000 9.180000 21701149259929694000.000000 -380.009599
268 79.360000 8.560000 -103997780762312460000.000000 1.786210
269 85.420000 7.340000 -1803354185582918900.000000 -423.291063
270 92.690000 5.510000 8241382391002010600.000000 1.205681
271 98.740000 4.880000 75175814596984720.000000 -534.985172
272 103.590000 4.880000 -388462927807142530.000000 0.944383
273 107.230000 4.880000 -2316299377525943.500000 -818.417130
274 110.860000 3.670000 17106310292341698.000000 0.496941
275 113.280000 4.280000 28984764092126.055000 -2525.982541
276 114.490000 6.730000 -639565450294964.870000 0.305000
277 25.440000 6.120000 -340212891949165170000000000.000000 1.497696
278 26.050000 6.730000 -11658601943997177000000000.000000 -196.389994
279 29.680000 9.180000 63732101259811229000000000.000000 1.679310
280 29.680000 12.240000 2951067215689072300000000.000000 -264.338581
281 34.530000 15.910000 -22617462928493325000000000.000000 2.075895
282 36.350000 20.800000 -1101874916325245500000000.000000 -426.947943
283 37.560000 26.310000 12534060190685314000000000.000000 2.312924
284 39.380000 31.200000 639091942365621770000000.000000 -611.903628
285 41.800000 34.860000 -9360229688799121400000000.000000 2.380149
286 45.430000 38.540000 -427556131538231210000000.000000 -843.733081
287 50.280000 43.440000 7177280366476477300000000.000000 2.587754
288 50.890000 45.270000 321948670509833680000000.000000 -1009.215170
289 51.490000 47.720000 -6312170839675581000000000.000000 2.433931
290 54.520000 50.780000 -88986362573673332000000.000000 -3602.035480
291 56.940000 55.060000 5629771269394292300000000.000000 0.870300
292 58.160000 58.120000 54719891439841746000000.000000 -5979.586172
293 61.190000 59.340000 -5347589405852026100000000.000000 0.607204
294 63.610000 61.790000 -25405810238254077000000.000000 -13005.983525
295 64.200000 61.790000 5146967261054818200000000.000000 0.305000
296 50.280000 50.780000 -170776490913117340000000.000000 -1876.909600
297 52.100000 59.950000 6153246104960738600000000.000000 1.663845
298 53.920000 66.680000 155068816176341990000000.000000 -2645.912056
299 55.130000 70.950000 -7443238640807469100000000.000000 1.478138
300 55.730000 77.690000 -156683020316978040000000.000000 -3690.669281
301 57.250000 84.120000 10101537088655526000000000.000000 1.304769
302 59.670000 90.230000 169250994754889520000000.000000 -5385.266378
303 62.700000 98.190000 -14537692393345907000000000.000000 1.143149
304 62.700000 103.080000 -194334274242617200000000.000000 -7711.173635
305 63.310000 110.420000 23670898813137578000000000.000000 0.906530
306 62.090000 115.930000 229324632370153570000000.000000 -11966.299787
307 60.880000 119.600000 -45076170227002505000000000.000000 0.608464
308 60.280000 120.210000 -226924255345630410000000.000000 -23878.480574
309 60.280000 120.820000 89891765674947763000000000.000000 0.305000
310 26.960000 7.650000 15026611706335409000000000.000000 5.935357
311 27.560000 13.760000 2906284644021969400000000.000000 -71.144503
312 25.140000 17.440000 -8294529804646322400000000.000000 6.110727
313 22.720000 19.880000 -2010009404046308600000000.000000 -82.037055
314 23.320000 20.490000 7097268670008707000000000.000000 5.802950
315 22.720000 23.550000 869282829277242550000000.000000 -192.274219
316 20.900000 26.610000 -8009847293858117200000000.000000 2.887897
317 19.690000 30.890000 -1050716742632843800000000.000000 -235.481337
318 19.690000 33.340000 12582257567992901000000000.000000 2.784150
319 19.070000 33.950000 1635726672319936000000000.000000 -261.148547
320 15.450000 38.240000 -27786240998618652000000000.000000 2.251121
321 15.450000 40.070000 -3500024883167356700000000.000000 -318.110503
322 15.450000 45.580000 72133474718706488000000000.000000 2.211610
323 14.240000 48.020000 9658035420334454100000000.000000 -358.649488
324 12.420000 51.690000 -279130044830554560000000000.000000 1.788499
325 12.420000 53.530000 -33340514267614239000000000.000000 -448.158393
326 10.000000 55.360000 1495200015663121100000000000.000000 1.234437
327 8.770000 57.200000 158460075835561290000000000.000000 -539.728638
328 5.760000 57.200000 -14856557503309092000000000000.000000 0.610095
329 5.150000 57.810000 -880129378501909240000000000.000000 -975.831066
330 5.150000 57.810000 166820588102279930000000000000.000000 0.305000
331 21.510000 35.790000 75819728509600717000000.000000 -772.129613
332 22.720000 35.790000 -2577719305436880900000000.000000 1.052709
333 24.530000 35.180000 -78572511015098263000000.000000 -1154.146202
334 26.960000 37.610000 3364544873187279700000000.000000 0.878310
335 28.780000 38.850000 67023139435570709000000.000000 -1950.260304
336 29.380000 40.070000 -4449728059253017700000000.000000 0.603546
337 31.200000 41.290000 -42578530099716264000000.000000 -4315.068443
338 32.110000 40.990000 5722275241925801900000000.000000 0.305000
339 24.230000 22.640000 795308289862866530000000.000000 -202.037581
340 22.410000 25.080000 -7180934034690107700000000.000000 2.777679
341 22.410000 28.750000 -792331415849183700000000.000000 -260.562499
342 19.980000 29.360000 10345020749708438000000000.000000 2.248700
343 19.390000 30.590000 1037009749389941100000000.000000 -305.160279
344 19.390000 34.260000 -16336795910631513000000000.000000 2.174720
345 18.170000 38.540000 -1681080421648693800000000.000000 -374.533012
346 16.960000 44.050000 37154059193652204000000000.000000 1.993096
347 16.960000 48.330000 3698089889125060700000000.000000 -485.563016
348 15.750000 52.000000 -114081498301294860000000000.000000 1.685643
349 16.360000 52.000000 -9627494942090967400000000.000000 -616.176684
350 17.570000 55.670000 338573861532778750000000000.000000 1.583001
351 19.980000 58.730000 21656537320255586000000000.000000 -918.172771
352 19.980000 63.620000 -995547954539677960000000000.000000 1.383950
353 19.980000 65.450000 -53761100009011939000000000.000000 -1212.002984
354 23.020000 69.130000 2831234177242600700000000000.000000 1.312680
355 24.230000 72.800000 117745704480561380000000000.000000 -1750.499936
356 26.050000 74.020000 -7913618446953087700000000000.000000 1.101334
357 26.050000 76.470000 -241914910530919850000000000.000000 -2501.517584
358 28.470000 78.920000 21258454045880384000000000000.000000 0.898086
359 29.080000 83.200000 433565895980284610000000000.000000 -4079.433814
360 29.080000 83.810000 -60826534188979441000000000000.000000 0.597390
361 29.680000 82.590000 -599227251161352040000000000.000000 -8383.569754
362 30.290000 84.420000 165858244403414230000000000000.000000 0.305000
363 14.540000 54.450000 -734539272601494850000000.000000 -713.667899
364 13.330000 59.340000 39342920785821199000000000.000000 1.107888
365 13.330000 64.230000 2369690142272861000000000.000000 -1066.382375
366 13.930000 68.520000 -181458618633645990000000000.000000 0.894811
367 13.930000 70.950000 -7683150744097231300000000.000000 -1675.678302
368 13.930000 72.800000 924395718092902690000000000.000000 0.605080
369 14.540000 74.630000 19077900973311082000000000.000000 -3616.102869
370 14.540000 75.860000 -4745080550279930400000000000.000000 0.305000
371 -5.450000 8.560000 340177803722195380000000000000.000000 4.685457
372 -10.300000 12.850000 -114783829849673350000000000000.000000 38.082758
373 -11.510000 15.290000 367714712746490510000000000000.000000 4.772843
374 -14.540000 17.130000 -90103848416661066000000000000.000000 69.907703
375 -15.140000 17.730000 408845929508799330000000000000.000000 3.907441
376 -15.140000 18.350000 -72842645820459295000000000000.000000 102.993552
377 -15.750000 23.250000 463400230933597540000000000000.000000 3.654706
378 -15.750000 25.690000 -89729166705450931000000000000.000000 132.674273
379 -16.360000 28.140000 724356099439322950000000000000.000000 3.485825
380 -15.750000 28.750000 -132491638789244370000000000000.000000 157.181525
381 -15.750000 33.650000 1306761757710807000000000000000.000000 3.411749
382 -15.140000 36.710000 -242255798008126490000000000000.000000 198.018890
383 -16.360000 39.760000 2923267687516431300000000000000.000000 3.294974
384 -16.360000 41.600000 -534260017366173420000000000000.000000 227.619384
385 -17.570000 44.660000 6912065253010066300000000000000.000000 3.451943
386 -16.960000 45.880000 -1282539650554553900000000000000.000000 247.263742
387 -17.570000 52.610000 18026999386151551000000000000000.000000 3.742964
388 -17.570000 56.890000 -3527386238070509700000000000000.000000 290.741055
389 -17.570000 59.340000 58308488461898136000000000000000.000000 3.589788
390 -16.360000 61.790000 -11707274473485643000000000000000.000000 307.747248
391 -16.960000 65.450000 212223513169001950000000000000000.000000 3.610538
392 -16.360000 66.060000 -42879764228183981000000000000000.000000 326.948749
393 -15.140000 70.950000 922479079297214730000000000000000.000000 3.297982
394 -14.540000 75.860000 -189887424539477530000000000000000.000000 368.530265
395 -15.140000 80.750000 4618318843527223500000000000000000.000000 3.320128
396 -14.540000 85.650000 -957690666044498370000000000000000.000000 413.034211
397 -13.330000 91.150000 29652431605023494000000000000000000.000000 2.943890
398 -12.120000 97.880000 -6456230410100980700000000000000000.000000 449.547154
399 -11.510000 105.220000 251990517395709670000000000000000000.000000 2.695834
400 -10.900000 108.280000 -55272243664691165000000000000000000.000000 493.657058
401 -10.900000 113.180000 2501713320118322300000000000000000000.000000 2.500571
402 -8.480000 117.460000 -647722874449723860000000000000000000.000000 453.668163
403 -8.180000 122.050000 35898984242590583000000000000000000000.000000 2.202140
404 -5.760000 126.330000 -11823851845937268000000000000000000000.000000 383.556792
405 -3.940000 133.060000 1150130051917121100000000000000000000000.000000 1.367916
406 -3.940000 133.660000 -310277172788246460000000000000000000000.000000 495.448574
407 -3.330000 137.940000 22815233063696445000000000000000000000000.000000 1.875924
408 -2.730000 139.790000 -13128566714279596000000000000000000000000.000000 242.931426
409 -2.120000 141.010000 1502517555248240500000000000000000000000000.000000 1.232105
410 -0.910000 143.460000 -1530759712120716400000000000000000000000000.000000 140.813197
411 -0.300000 142.850000 716947622545719090000000000000000000000000000.000000 0.305000
412 -3.940000 133.060000 19709904086150459000000000000000000000000.000000 2.094657
413 -4.540000 136.720000 -7769594683904886000000000000000000000000.000000 346.831231
414 -3.940000 140.400000 683342223421294410000000000000000000000000.000000 1.596347
415 -3.940000 142.850000 -223967440476332790000000000000000000000000.000000 435.846552
416 -3.940000 144.070000 24758153945783406000000000000000000000000000.000000 1.303287
417 -5.760000 145.290000 -4290929200687730700000000000000000000000000.000000 838.306115
418 -6.970000 150.800000 515897195606407640000000000000000000000000000.000000 1.254266
419 -11.810000 156.300000 -41466848332240089000000000000000000000000000.000000 1944.558965
420 -14.840000 158.750000 5432755005696778100000000000000000000000000000.000000 1.211699
421 -17.870000 163.030000 -275650357918612070000000000000000000000000000.000000 3213.135855
422 -19.070000 167.930000 46440376256926086000000000000000000000000000000.000000 0.996761
423 -23.930000 173.430000 -1342484322896367100000000000000000000000000000.000000 5999.440229
424 -28.170000 176.490000 285897940948534110000000000000000000000000000000.000000 0.828740
425 -34.220000 181.390000 -4375692172959583300000000000000000000000000000.000000 11851.616946
426 -38.470000 186.280000 1348003455225938100000000000000000000000000000000.000000 0.604675
427 -42.100000 189.340000 -9595317912945369600000000000000000000000000000.000000 26599.532869
428 -42.710000 189.950000 5975838155947451600000000000000000000000000000000.000000 0.305000
429 -19.070000 73.720000 2101399648392520900000000000000.000000 1504.281311
430 -21.510000 82.280000 -146929581218454780000000000000000.000000 1.176776
431 -20.900000 89.010000 6128690947277890100000000000000.000000 2133.930743
432 -22.110000 96.350000 -591421654161725190000000000000000.000000 0.998441
433 -24.530000 103.080000 16718946932364389000000000000000.000000 3646.386603
434 -28.780000 108.590000 -2118090508414741500000000000000000.000000 0.857145
435 -32.400000 112.870000 36095458096263988000000000000000.000000 6623.239828
436 -34.220000 117.760000 -6985910770603522700000000000000000.000000 0.608453
437 -34.830000 120.210000 60864150455985435000000000000000.000000 13797.552869
438 -34.830000 120.820000 -24110185764236592000000000000000000.000000 0.305000
439 -18.480000 32.720000 8851879516657510900000000000.000000 489.740785
440 -19.070000 37.010000 -227185453483560270000000000000.000000 1.442029
441 -19.690000 39.460000 13119172046673874000000000000.000000 683.331079
442 -21.510000 42.520000 -416584688376896920000000000000.000000 1.339049
443 -23.320000 44.960000 18472078279143206000000000000.000000 1013.943710
444 -23.930000 49.250000 -782449377582538620000000000000.000000 1.162695
445 -24.530000 51.080000 27358450676116127000000000000.000000 1460.883684
446 -24.530000 52.920000 -1628991841804315100000000000000.000000 0.888776
447 -24.530000 54.750000 38767496862199327000000000000.000000 2300.569048
448 -24.530000 57.200000 -3635364013544365300000000000000.000000 0.609980
449 -24.530000 59.030000 45198320276672238000000000000.000000 4747.865328
450 -24.530000 59.030000 -8747727363711350600000000000000.000000 0.305000
451 -17.270000 18.660000 6695400569748242900000000000.000000 203.011568
452 -19.070000 18.660000 -71064134958839677000000000000.000000 1.758076
453 -22.110000 21.110000 3706122703817467400000000000.000000 404.779876
454 -23.320000 22.940000 -64281025795730761000000000000.000000 1.322606
455 -23.320000 22.940000 2805006087387427900000000000.000000 525.705359
456 -26.350000 26.610000 -55725609571486274000000000000.000000 1.339442
457 -27.560000 27.840000 2091614697607987700000000000.000000 741.724072
458 -28.780000 29.670000 -53883357470028061000000000000.000000 1.151714
459 -29.990000 32.110000 1521299901622889300000000000.000000 1137.313298
460 -31.200000 33.340000 -55440083714506605000000000000.000000 0.914864
461 -31.200000 33.340000 1083683114973801800000000000.000000 1705.639191
462 -31.200000 33.340000 -59232111143961012000000000000.000000 0.609973
463 -29.990000 35.180000 602340818750198340000000000.000000 3459.479426
464 -29.990000 35.180000 -69476557388957312000000000000.000000 0.305000
465 -24.530000 22.940000 -219380052537583300000000000.000000 293.312172
466 -31.200000 24.160000 2060254125918065600000000000.000000 2.572606
467 -36.650000 24.780000 -127471884335689040000000000.000000 400.504766
468 -42.100000 26.610000 1211739152387821400000000000.000000 2.799304
469 -49.370000 24.780000 -61220303842300992000000000.000000 490.472838
470 -51.800000 24.780000 579309343696878660000000000.000000 2.618703
471 -53.010000 25.390000 -25284847752964918000000000.000000 581.718521
472 -54.220000 24.780000 271135233454428150000000000.000000 2.310871
473 -55.430000 27.840000 -5666294101289594300000000.000000 1332.159038
474 -59.060000 30.280000 127779828643250670000000000.000000 1.342742
475 -63.910000 30.280000 -2074832383834415100000000.000000 1864.812426
476 -69.360000 33.950000 55774803740492517000000000.000000 1.262946
477 -73.000000 35.180000 -731907456031892890000000.000000 2680.882097
478 -74.810000 37.610000 26225562943676481000000000.000000 1.049626
479 -76.030000 38.850000 -256849174319849580000000.000000 3966.775922
480 -81.480000 41.910000 12503495107556011000000000.000000 0.860923
481 -83.900000 44.350000 -82848425362816573000000.000000 6693.307756
482 -87.540000 46.800000 6334301339391973800000000.000000 0.612113
483 -86.930000 46.800000 -22378285959568198000000.000000 13247.006639
484 -86.330000 46.800000 3433782894779644700000000.000000 0.305000
485 -54.820000 24.780000 -4191528622407660200000000.000000 1602.930981
486 -59.060000 24.160000 113739462728934900000000000.000000 0.890345
487 -61.490000 24.160000 -1082725571394437000000000.000000 2537.988842
488 -65.730000 23.550000 41801539452788553000000000.000000 0.609982
489 -68.760000 22.940000 -185408924858034890000000.000000 5171.958770
490 -68.760000 22.940000 13945182741781379000000000.000000 0.305000
491 -8.770000 2.750000 54768913964209698000000000000.000000 9.349379
492 -14.840000 2.750000 -32272246412982667000000000000.000000 4.666998
493 -20.900000 3.980000 6272239441230726900000000000.000000 20.478099
494 -27.560000 7.040000 -4522816976114891700000000000.000000 9.763067
495 -29.990000 7.650000 1381135758443308000000000000.000000 25.051520
496 -29.990000 7.650000 -1125840704682251700000000000.000000 9.384710
497 -33.610000 6.420000 264178092763304800000000000.000000 27.359942
498 -37.260000 7.650000 -191822947014687280000000000.000000 10.535561
499 -42.710000 6.420000 45948405778501565000000000.000000 26.801873
500 -48.160000 5.810000 -25280088373584911000000000.000000 10.560099
501 -51.800000 5.810000 5004822598825303700000000.000000 29.347157
502 -56.640000 3.980000 -2566222502787545600000000.000000 7.762068
503 -61.490000 6.420000 311213141648633950000000.000000 52.938473
504 -68.760000 5.200000 -238223217854758740000000.000000 6.793244
505 -73.590000 4.590000 21003536555608031000000.000000 52.060022
506 -79.660000 3.980000 -13645976541600328000000.000000 6.125914
507 -87.540000 3.360000 907380085059765400000.000000 50.530623
508 -94.200000 3.360000 -483797561081038900000.000000 6.301803
509 -101.470000 3.360000 28592084652321817000.000000 56.853490
510 -111.160000 2.140000 -14545153107352756000.000000 4.206698
511 -115.400000 1.530000 491774605357245120.000000 45.252610
512 -117.830000 0.310000 -187593083252276640.000000 0.812664
513 -117.830000 -1.530000 808234212584245.120000 -355.116639
514 -117.830000 -0.920000 2437952378942726.000000 0.305000
515 -31.800000 8.260000 31620415974335588000000000.000000 294.096201
516 -33.020000 9.480000 -281338582489498060000000000.000000 1.065483
517 -32.400000 9.480000 6603496165969274600000000.000000 403.890560
518 -36.040000 11.930000 -43963600054938177000000000.000000 1.791930
519 -39.680000 14.380000 1647449880122411800000000.000000 383.742520
520 -42.710000 16.210000 -14790308980954664000000000.000000 1.805585
521 -46.950000 19.270000 472718175028607620000000.000000 602.915794
522 -53.610000 22.940000 -5313655568356886100000000.000000 2.040809
523 -60.280000 24.160000 153010782793752610000000.000000 839.012233
524 -63.910000 25.390000 -2007999534388206700000000.000000 1.934733
525 -69.970000 24.780000 46770100287908761000000.000000 1063.889711
526 -75.420000 27.840000 -659559315586740290000000.000000 1.974166
527 -80.270000 31.510000 13715136424086514000000.000000 1515.312235
528 -84.510000 35.180000 -245870677050394530000000.000000 1.962408
529 -86.930000 36.400000 4687771113528048500000.000000 1909.157343
530 -91.170000 40.070000 -98149203405119404000000.000000 1.913811
531 -98.440000 42.520000 1604058121500482600000.000000 2601.716280
532 -105.710000 44.350000 -39474173598132821000000.000000 1.802190
533 -111.160000 46.800000 531669258196436650000.000000 3474.700288
534 -114.800000 48.020000 -16090846387359462000000.000000 1.586663
535 -117.830000 49.250000 175023759912146760000.000000 4527.809167
536 -120.250000 51.080000 -6589777981959918600000.000000 1.356679
537 -122.670000 51.080000 56495731407961866000.000000 5958.075963
538 -129.030000 52.610000 -2608607518564932400000.000000 1.139397
539 -133.270000 55.060000 16332371397993320000.000000 8794.187107
540 -138.720000 56.280000 -1035358626001360900000.000000 0.887795
541 -141.150000 61.180000 4274895369101302300.000000 14817.494996
542 -144.780000 63.010000 -437504744409971560000.000000 0.615676
543 -147.810000 67.290000 919573845896973950.000000 32014.497131
544 -147.810000 66.060000 -199170650032636400000.000000 0.305000
545 -37.560000 9.180000 -28770701535938476000000000.000000 2.107008
546 -41.800000 10.400000 1240311742467385400000000.000000 241.242009
547 -47.250000 12.240000 -6324592611477409700000000.000000 2.400378
548 -52.700000 13.460000 251468974977233160000000.000000 338.526916
549 -58.760000 14.680000 -1447452663599691400000000.000000 2.550387
550 -61.190000 14.680000 53114748982969055000000.000000 400.050937
551 -67.230000 12.850000 -315817419354509320000000.000000 2.161136
552 -69.670000 14.070000 8413954521717052300000.000000 528.116842
553 -73.910000 12.240000 -60086386607885581000000.000000 1.713979
554 -79.360000 11.010000 1066790012984017400000.000000 620.132461
555 -86.020000 10.400000 -7686883813053477900000.000000 1.443318
556 -91.470000 9.780000 95661053591915086000.000000 785.875974
557 -95.110000 9.780000 -790122458945615430000.000000 1.184076
558 -96.930000 9.780000 7165766575368993800.000000 1078.376970
559 -101.770000 9.780000 -75908539743368692000.000000 0.923232
560 -103.590000 10.400000 453027246697377220.000000 1742.607799
561 -106.620000 13.460000 -7403026074102340600.000000 0.823683
562 -108.440000 14.070000 35409662375004456.000000 2941.586276
563 -110.860000 15.910000 -939471197145909630.000000 0.599665
564 -112.070000 17.130000 2470143778502886.000000 6515.062705
565 -112.070000 17.730000 -143592292435593710.000000 0.305000
566 -6.360000 2.140000 -106722639637125420000000000000.000000 -3.733717
567 -9.390000 2.750000 -63064295892465978000000000000.000000 -4.653778
568 -11.210000 2.750000 -36391521502847513000000000000.000000 -4.765583
569 -14.240000 5.810000 2378267493600641500000000000.000000 88.902842
570 -17.870000 10.710000 -11751308791153645000000000000.000000 2.167524
571 -21.510000 18.050000 853635659591581300000000000.000000 248.479690
572 -23.930000 24.780000 -8842234605360233100000000000.000000 2.392279
573 -24.530000 27.840000 644253555174742830000000000.000000 382.097715
574 -27.560000 33.340000 -8917925907559802500000000000.000000 2.408566
575 -27.560000 34.560000 583601899689849240000000000.000000 528.105751
576 -33.020000 37.610000 -28095456392318138000000000.000000 781.239042
577 -36.040000 40.680000 608787412129178000000000000.000000 1.877376
578 -39.680000 42.520000 -24124067674901778000000000.000000 1073.021396
579 -46.950000 44.350000 551188134677141660000000000.000000 1.941084
580 -51.800000 45.580000 -17409073751068838000000000.000000 1443.106942
581 -57.850000 46.800000 434189203303198620000000000.000000 1.876474
582 -62.090000 47.410000 -10989160002295795000000000.000000 1873.201421
583 -68.150000 50.470000 302003792146792970000000000.000000 1.836477
584 -72.390000 51.080000 -6389166303510112700000000.000000 2414.454871
585 -77.230000 51.080000 199720380773476820000000000.000000 1.634078
586 -83.900000 52.310000 -3163812856345483800000000.000000 3302.146363
587 -94.200000 54.140000 110896052604452070000000000.000000 1.544589
588 -100.260000 56.590000 -1371090484721589600000000.000000 4577.092239
589 -105.100000 58.420000 59706845235852539000000000.000000 1.341540
590 -109.350000 60.260000 -565967245729311820000000.000000 6357.142610
591 -112.680000 62.400000 31929019115215883000000000.000000 1.106090
592 -118.130000 65.450000 -216524213183511520000000.000000 9651.365408
593 -123.580000 69.130000 16909599135829895000000000.000000 0.885197
594 -127.220000 72.190000 -77117521780757999000000.000000 15829.138870
595 -129.630000 74.020000 9416650781234413400000000.000000 0.606186
596 -133.270000 75.860000 -21281312177798529000000.000000 33566.874180
597 -133.880000 76.470000 5335678499135257200000000.000000 0.305000
598 -29.080000 39.150000 -10554426693462175000000000000.000000 2.164780
599 -30.290000 40.990000 543499049960811480000000000.000000 796.001300
600 -30.290000 41.600000 -14271942332115823000000000000.000000 1.584196
601 -30.290000 42.210000 461374558185529510000000000.000000 1305.704173
602 -32.710000 47.110000 -9066388795749090400000000000.000000 2.397355
603 -33.920000 48.940000 559260225631392220000000000.000000 793.385704
604 -32.710000 52.000000 -13559721592636593000000000000.000000 2.144700
605 -32.710000 58.120000 762635788660294390000000000.000000 1033.377965
606 -33.920000 64.230000 -23226957990816547000000000000.000000 2.108933
607 -33.920000 71.580000 1235255734624164800000000000.000000 1345.944493
608 -34.530000 79.530000 -48138108890344271000000000000.000000 2.040792
609 -36.950000 86.260000 2261373893453445200000000000.000000 1836.225882
610 -34.530000 88.710000 -120234681547743780000000000000.000000 1.668458
611 -35.140000 95.430000 4665193517819956200000000000.000000 2459.489755
612 -31.500000 97.880000 -364208659558039860000000000000.000000 1.253757
613 -30.290000 104.000000 11407906911819583000000000000.000000 3320.302391
614 -32.710000 109.510000 -1157878972253991000000000000000.000000 1.078938
615 -33.320000 115.010000 26894561805999261000000000000.000000 4951.471660
616 -36.650000 120.210000 -3633273062962638100000000000000.000000 0.889830
617 -36.650000 125.110000 57976725525117763000000000000.000000 7840.366781
618 -36.040000 130.610000 -12612128468534143000000000000000.000000 0.600401
619 -37.260000 133.060000 99990363336895273000000000000.000000 16783.315492
620 -38.470000 133.060000 -43622025395433725000000000000000.000000 0.305000
621 -33.020000 42.520000 -9254330003693333200000000000.000000 2.119834
622 -36.650000 44.350000 458255813449447340000000000.000000 895.634106
623 -43.920000 48.020000 -9341752450835547800000000000.000000 2.355601
624 -48.160000 51.080000 397761828578438950000000000.000000 1199.654368
625 -52.400000 54.750000 -9104110645629072000000000000.000000 2.392047
626 -56.640000 59.030000 335464448583203860000000000.000000 1602.004784
627 -59.060000 61.480000 -9097753720871421800000000000.000000 2.266972
628 -62.090000 63.930000 287478489515696350000000000.000000 2023.175356
629 -66.330000 66.380000 -8767250330710202400000000000.000000 2.176603
630 -69.360000 68.200000 236574549930584000000000000.000000 2527.433626
631 -73.590000 69.430000 -8124124436971151500000000000.000000 2.021802
632 -75.420000 70.660000 184931225781016260000000000.000000 3104.130361
633 -81.480000 74.330000 -7044602708548334500000000000.000000 1.951272
634 -86.330000 78.610000 134337242976899070000000000.000000 4122.283640
635 -87.540000 80.450000 -6325511149872932400000000000.000000 1.708547
636 -90.570000 85.340000 98025287587283713000000000.000000 5506.937392
637 -90.570000 87.790000 -5959911933503830000000000000.000000 1.443921
638 -93.590000 90.230000 72527693744726684000000000.000000 7414.586429
639 -93.590000 92.680000 -5745707156891318400000000000.000000 1.169894
640 -95.410000 95.740000 52084959369137605000000000.000000 10561.475133
641 -97.230000 97.580000 -5657493749749739700000000000.000000 0.898357
642 -98.440000 97.580000 34101124965123693000000000.000000 16188.857132
643 -99.650000 98.190000 -5539867930330809700000000000.000000 0.604417
644 -100.260000 98.190000 16544282281813268000000000.000000 32879.010574
645 -100.260000 100.020000 -5425439717465452800000000000.000000 0.305000
646 -13.020000 2.140000 -20994159319571646000000000000.000000 -3.709501
647 -15.450000 1.530000 -5862739314202882000000000000.000000 -5.478849
648 -18.480000 0.920000 -1930087718833190500000000000.000000 -2.794547
649 -20.290000 0.310000 -323382121190770430000000000.000000 -1.850217
650 -21.510000 0.310000 -36911825948800790000000000.000000 -2.715890
651 -22.720000 -0.310000 -5395251420253666800000000.000000 2.120877
652 -25.140000 -2.750000 168555079504236210000000.000000 -88.024291
653 -30.590000 -2.750000 486706463058070500000000.000000 0.952374
654 -35.440000 -3.980000 -8890547330810893000000.000000 -217.882168
655 -38.470000 -7.040000 -50423793602989805000000.000000 1.241268
656 -41.500000 -8.260000 1137595088192693900000.000000 -366.123711
657 -46.950000 -7.650000 8878541036476987100000.000000 0.980184
658 -51.190000 -9.480000 -117105829430526030000.000000 -718.739361
659 -55.430000 -10.090000 -1519110342842831300000.000000 0.777822
660 -59.060000 -11.320000 12161685817591331000.000000 -1413.975771
661 -62.700000 -13.760000 274322781421933300000.000000 0.610029
662 -65.730000 -14.990000 -1273031317760034600.000000 -3230.162869
663 -65.730000 -14.990000 -62566358863025971000.000000 0.305000
664 -23.320000 0.920000 168999324019651800000000.000000 29.370717
665 -26.960000 0.920000 -182199054629353870000000.000000 0.853349
666 -31.200000 2.750000 3202200847311754500000.000000 156.469698
667 -35.440000 4.590000 -14110347882965380000000.000000 1.041654
668 -40.890000 4.590000 254205081556774580000.000000 254.780496
669 -45.740000 5.200000 -1414275562591523200000.000000 0.934660
670 -49.370000 6.420000 18037520305951257000.000000 503.375683
671 -54.820000 7.040000 -165526225248892060000.000000 0.767154
672 -56.640000 8.260000 1350611657008912100.000000 1012.316615
673 -60.880000 10.090000 -22451292444160000000.000000 0.606988
674 -62.090000 10.090000 109196769588518700.000000 2074.544344
675 -62.700000 10.090000 -3612443951305421800.000000 0.305000
676 -1.820000 -7.340000 -108982593243005520000000000000.000000 12.540739
677 -1.820000 -12.850000 569508224160940430000000000000.000000 -2.459010
678 -1.820000 -18.350000 1717602330978170600000000000000.000000 6.084340
679 -1.820000 -23.860000 -3453456187214942500000000000000.000000 -11.866950
680 -1.820000 -29.980000 -25961546481832014000000000000000.000000 3.987999
681 -1.210000 -34.860000 46623479031552778000000000000000.000000 -19.411239
682 -1.820000 -42.210000 543758859779633170000000000000000.000000 3.619209
683 -2.420000 -47.720000 -405394512157772160000000000000000.000000 -64.007213
684 -2.420000 -54.450000 -10925082705948346000000000000000000.000000 2.020464
685 -0.610000 -59.950000 14515378873431467000000000000000000.000000 -45.121709
686 -1.210000 -67.290000 555803567486326950000000000000000000.000000 1.757347
687 -0.610000 -71.580000 -498717258581554140000000000000000000.000000 -79.773496
688 -1.210000 -77.080000 -33129044051333164000000000000000000000.000000 1.160345
689 0.610000 -81.980000 -30160745312146939000000000000000000000.000000 90.048140
690 0.610000 -88.710000 -4422412754777776800000000000000000000000.000000 0.605000
691 0.000000 -95.430000 71306218622922578000000000000000000000000.000000 -5.918570
692 -3.030000 -104.610000 153521818962148990000000000000000000000000.000000 48.588165
693 -2.120000 -108.590000 -3474746617769731500000000000000000000000000.000000 -4.797741
694 -1.510000 -118.990000 -12432553658841359000000000000000000000000000.000000 33.256249
695 0.300000 -131.220000 -1353128016949404500000000000000000000000000000.000000 1.205651
696 0.910000 -139.790000 -893139825119530960000000000000000000000000000.000000 211.785165
697 0.910000 -140.400000 -207267489994681260000000000000000000000000000000.000000 0.605000
