0 13.440000 12.030000 -5.129709 45.790389
1 15.860000 15.180000 11.264305 -16.800477
2 19.910000 20.460000 0.215073 16.604194
3 23.640000 21.680000 -9.183586 -52.770282
4 28.830000 23.370000 1.847781 11.756509
5 50.550000 64.000000 4.510247 -338.003126
6 51.630000 68.560000 -45.670861 6.533593
7 52.620000 125.840000 -3.724662 -1522.722519
8 48.580000 147.280000 118.749614 4.689928
9 43.550000 167.940000 4.490601 -4467.996237
10 56.330000 170.470000 -332.485460 2.287698
11 64.320000 173.000000 -7.495724 -7686.245355
12 72.810000 173.250000 790.071414 1.641032
13 75.380000 168.250000 11.899153 -11164.023582
14 74.200000 163.810000 0.118708 -20333.444391
15 72.210000 155.440000 -26.978070 0.552000
16 78.850000 172.060000 -1686.065154 1.215109
17 82.310000 171.340000 -11.493230 -25089.434915
18 83.890000 169.280000 3443.770289 0.566000
19 39.410000 182.530000 -30.929763 26.304458
20 45.020000 198.410000 -0.646226 -9369.842900
21 55.960000 192.310000 102.476563 1.229857
22 64.040000 191.280000 0.865419 -21958.258814
23 68.300000 189.690000 -287.053051 0.590000
24 46.600000 204.810000 8.754532 15.331241
25 57.070000 220.410000 1.881238 -1022.230973
26 55.790000 222.090000 -34.707350 12.093105
27 68.760000 212.160000 -0.688111 -10884.123943
28 72.550000 208.840000 101.445723 1.391948
29 75.060000 209.690000 0.991847 -21357.446441
30 85.420000 204.030000 -249.052236 0.816000
31 59.890000 236.090000 -5.086409 -1618.562938
32 53.210000 244.250000 -0.084054 -20053.491910
33 52.180000 245.280000 8.866195 1.468177
34 45.570000 252.530000 0.108155 -14453.805143
35 41.730000 254.590000 -53.911886 0.735000
36 45.090000 245.910000 17.119402 0.978065
37 41.320000 244.250000 0.095094 -38364.648262
38 39.920000 243.780000 -61.075387 0.439000
39 37.140000 247.280000 -47.098633 0.567000
40 60.100000 237.130000 136.470549 8.790567
41 64.060000 250.970000 14.391182 -2373.511495
42 77.440000 254.780000 0.241239 -13447.675012
43 87.920000 254.220000 -41.825386 1.661970
44 93.040000 252.630000 -0.411508 -27111.327366
45 97.760000 247.630000 -0.028793 -37672.551202
46 101.710000 241.500000 0.925790 0.652000
47 100.220000 255.560000 105.373345 0.944652
48 107.930000 257.310000 0.231585 -106139.144814
49 108.500000 262.830000 -133.101436 0.499000
50 117.040000 254.500000 -108.336364 0.608000
51 65.500000 255.280000 -523.823357 7.033946
52 69.970000 272.940000 -36.317806 -3938.508147
53 71.700000 285.910000 1995.227282 5.201441
54 84.810000 284.750000 24.355507 -23301.449028
55 101.160000 279.940000 -5616.503827 1.215288
56 102.830000 278.830000 -34.888535 -44920.265643
57 107.610000 280.520000 14553.097909 0.672000
58 72.350000 298.940000 32.823598 -18159.186332
59 62.020000 294.940000 -7042.150339 1.375773
60 56.820000 295.160000 -87.232259 -23830.131286
61 54.000000 296.560000 38492.721490 0.672000
62 73.490000 303.380000 -2174.503565 4.581659
63 74.240000 304.750000 -47.101287 -14073.032170
64 63.270000 305.560000 10476.262323 1.373422
65 58.600000 308.910000 155.429405 -20820.867202
66 57.370000 309.220000 -56411.503097 0.852000
67 75.470000 320.060000 -0.401658 -38103.490621
68 62.260000 320.770000 242.156116 0.524000
69 77.000000 330.940000 -0.031445 -3813.382583
70 89.250000 331.340000 -0.002446 -39842.746738
71 103.670000 328.220000 0.096861 0.854000
72 77.410000 335.530000 1.716155 6.804988
73 77.120000 344.060000 0.097178 -6448.113568
74 81.440000 355.940000 -7.228712 4.492023
75 96.180000 354.380000 -0.017299 -79898.124270
76 102.990000 348.440000 19.220455 0.593000
77 101.800000 353.500000 5.762861 1.856579
78 117.960000 352.970000 0.062397 -37524.465067
79 127.990000 356.810000 -15.854960 1.216997
80 141.530000 357.810000 -0.044374 -93779.927820
81 148.740000 361.910000 38.152184 0.574000
82 148.660000 342.380000 0.022667 -108625.279866
83 151.160000 332.000000 0.139726 0.462000
84 83.090000 360.590000 -0.264817 -9289.134926
85 89.620000 365.250000 29.160943 3.523551
86 96.880000 369.630000 0.873638 -12557.989752
87 101.310000 371.810000 -106.317763 2.999363
88 113.740000 373.250000 -0.446057 -84093.105338
89 125.090000 373.780000 317.315252 0.556000
90 105.760000 375.160000 -1.660470 -23923.032072
91 111.020000 379.970000 359.344084 1.763271
92 114.390000 383.630000 3.558043 -38859.959165
93 124.210000 379.220000 0.011516 -98208.980104
94 129.960000 377.090000 -10.365949 0.499000
95 121.660000 383.690000 -1133.105028 1.201194
96 127.830000 386.530000 -4.148107 -105308.427706
97 139.580000 384.780000 3137.899196 0.510000
98 76.820000 349.690000 0.020925 -9966.182457
99 77.610000 372.500000 -0.365693 2.900098
100 78.050000 377.750000 0.004119 -28050.096988
101 71.040000 385.250000 2.001495 0.975554
102 67.920000 391.810000 0.021911 -87667.175125
103 59.390000 397.090000 -13.161493 0.269000
104 65.780000 397.250000 0.004765 -16212.513730
105 65.810000 406.030000 -0.052709 1.648059
106 62.460000 415.590000 0.020289 -24886.188899
107 54.730000 421.090000 0.482135 0.926000
108 62.360000 417.090000 0.019418 -27781.637633
109 61.090000 423.250000 -0.012092 0.930671
110 59.550000 428.810000 0.029345 -60130.415305
111 56.040000 428.780000 0.161764 0.664000
112 59.390000 432.000000 0.139986 1.071567
113 60.480000 433.660000 0.024737 -50190.274881
114 58.440000 435.440000 -0.850679 0.507000
115 63.020000 438.280000 0.016375 -42711.013500
116 64.440000 445.410000 -0.019891 0.672000
117 77.760000 386.280000 0.016314 -12235.777277
118 75.350000 401.190000 0.054457 2.469829
119 72.970000 416.090000 0.021412 -18010.187267
120 72.350000 429.130000 -0.168237 1.723787
121 72.730000 434.720000 0.009045 -63643.405463
122 81.290000 431.530000 0.248187 0.752000
123 72.460000 435.970000 0.834522 1.858593
124 73.320000 438.380000 0.007695 -51709.130484
125 79.610000 436.500000 -4.551657 0.672000
126 73.920000 440.280000 -0.001740 -42579.985871
127 87.430000 443.160000 -0.375898 1.348620
128 92.800000 447.530000 -0.021671 -65339.049643
129 96.840000 453.410000 1.675527 0.672000
130 73.270000 445.090000 0.418982 2.354414
131 64.700000 450.750000 -0.000594 -44844.391533
132 57.530000 459.130000 -3.306028 0.589000
133 73.230000 446.340000 -0.003404 -37826.608451
134 80.600000 451.530000 -1.953196 1.378262
135 82.550000 456.840000 -0.034311 -70062.848935
136 79.620000 458.470000 11.133929 0.521000
137 84.330000 458.060000 -0.030159 -66964.036835
138 90.560000 457.720000 0.055493 0.619000
139 65.420000 457.470000 -0.493856 2.620130
140 63.320000 463.720000 -0.024487 -16448.525297
141 56.600000 464.910000 3.954211 1.599704
142 54.750000 464.530000 0.032551 -34997.785765
143 51.420000 462.840000 -35.876217 0.680000
144 83.770000 394.590000 0.019608 -13814.011665
145 86.390000 401.660000 0.021848 2.511664
146 87.260000 402.660000 0.023060 -23382.545293
147 96.320000 402.000000 0.001405 1.655688
148 109.630000 406.130000 0.027804 -93012.561069
149 119.320000 400.750000 -0.062965 0.672000
150 111.950000 406.410000 0.170141 2.081652
151 121.900000 405.810000 0.019002 -42041.520630
152 133.490000 409.380000 -0.437281 1.299832
153 142.940000 403.090000 0.023050 -91772.458736
154 149.860000 399.280000 1.236871 0.652000
155 88.230000 403.310000 0.031947 -16156.154116
156 92.320000 413.310000 0.046640 2.361503
157 94.960000 416.780000 0.017951 -31473.028186
158 110.260000 420.530000 -0.080078 1.473182
159 123.870000 422.060000 0.003487 -112629.540000
160 123.350000 429.160000 0.305296 0.470000
161 124.300000 422.340000 -0.001960 -43266.396538
162 128.870000 416.060000 0.003509 1.239184
163 138.940000 415.530000 -0.003070 -93695.672887
164 145.680000 410.340000 -0.015965 0.638000
165 127.100000 423.000000 -0.003172 -44302.054522
166 144.440000 422.970000 -0.000954 1.379000
167 149.220000 421.380000 -0.022903 -127801.550983
168 150.430000 428.190000 -0.026490 0.504000
169 154.240000 421.500000 -0.020553 -91974.430480
170 156.260000 425.560000 -0.004816 0.723000
171 99.000000 424.030000 0.018703 -106185.337219
172 94.300000 436.500000 0.567411 0.504000
173 98.830000 424.910000 -0.519968 1.712926
174 104.230000 427.880000 0.003410 -68620.043480
175 102.730000 442.220000 2.208187 0.662000
176 107.200000 429.250000 0.004136 -14667.516758
177 114.070000 431.690000 0.007115 3.357027
178 120.060000 431.440000 -0.016331 -78384.564691
179 127.070000 431.190000 -0.054756 0.699000
180 118.620000 437.340000 -0.005998 -29828.245022
181 122.050000 442.910000 -0.055700 1.812247
182 128.210000 444.340000 -0.028201 -50403.891912
183 134.120000 443.090000 0.114932 1.179000
184 36.510000 185.970000 -18.959331 -303.220869
185 23.620000 184.280000 -2.914068 -1185.893995
186 5.200000 177.690000 673.239564 0.778784
187 -1.390000 175.880000 -77.840802 1520.509189
188 -10.210000 171.190000 11592.329567 1.149965
189 -14.950000 167.630000 -341.137319 5696.067754
190 -18.860000 173.630000 103015.691737 0.575000
191 -19.300000 165.470000 8.360375 6755.249226
192 -20.440000 163.910000 -2761.530257 0.496000
193 22.520000 211.970000 261.680936 15.377698
194 11.780000 205.410000 129.821107 -414.073560
195 5.620000 199.910000 -9578.980582 2.708876
196 3.760000 193.130000 -5634.979819 -328.304514
197 0.960000 190.130000 1930413.951388 0.555000
198 16.440000 221.500000 95.575002 -606.507840
199 0.920000 215.630000 -27.298957 754.249769
200 -4.320000 214.060000 4763.751833 1.227497
201 -8.990000 212.810000 -147.567780 6869.605610
202 -13.880000 219.090000 64534.840342 0.501000
203 -10.080000 212.560000 11695.088672 2.682116
204 -18.260000 210.690000 -1104.262457 2231.404632
205 -24.340000 206.970000 101199.945053 2.258376
206 -26.660000 206.630000 -5323.372756 3928.159313
207 -30.120000 202.280000 247.938009 4342.848534
208 -30.450000 197.970000 -35358.644381 1.388249
209 -29.090000 191.410000 1020.086006 6634.643979
210 -26.790000 194.380000 -252594.672372 0.785000
211 -28.560000 188.000000 -16.335942 11769.688590
212 -31.640000 187.470000 6061.029998 0.504000
213 -29.610000 186.810000 0.116661 21985.953767
214 -29.330000 185.560000 -48.639980 0.487000
215 -29.410000 182.310000 -55.117986 0.496000
216 -29.400000 205.750000 710850.601712 1.540799
217 -33.150000 206.660000 -15027.610834 9775.661992
218 -36.270000 204.810000 2086452.220475 1.475133
219 -39.250000 195.500000 -51995.698376 7844.917259
220 -44.270000 190.660000 9213347.636023 1.075992
221 -48.670000 186.560000 -90485.067722 18995.879093
222 -52.440000 186.910000 32776262.805879 0.516000
223 -37.320000 209.840000 1908227.053241 1.652521
224 -43.230000 208.500000 -39529.472080 10065.045328
225 -47.210000 210.910000 8427061.879643 0.989330
226 -51.480000 214.030000 -76827.495318 23476.560527
227 -56.470000 217.840000 31939102.500268 0.524000
228 11.520000 229.410000 -5058.176395 4.334064
229 13.320000 247.410000 -134.136639 -9330.351254
230 22.580000 247.280000 49354.922694 0.672000
231 13.470000 250.060000 10199.953964 3.288378
232 15.040000 254.410000 291.850364 -8890.617724
233 23.980000 261.160000 -108276.691902 0.704000
234 16.640000 259.940000 40.088066 -1891.484728
235 4.820000 264.770000 -15803.775557 0.672000
236 16.640000 261.690000 11.425050 -916.429384
237 16.310000 264.630000 -645.693361 4.695066
238 21.390000 275.020000 -14.519538 -12277.184426
239 23.040000 268.720000 7711.409459 0.504000
240 26.100000 285.270000 -2.813046 -1497.064519
241 34.320000 280.520000 -0.108405 -16899.586756
242 36.570000 277.750000 21.113736 0.601000
243 36.430000 281.440000 -0.055817 -18610.452264
244 38.820000 286.690000 0.338053 0.598000
245 25.160000 286.500000 164.393310 4.806139
246 28.680000 296.520000 14.963325 -3244.464590
247 31.450000 308.020000 -1551.312997 2.984380
248 41.280000 342.130000 -55.345125 -9598.561307
249 44.330000 360.060000 11974.101349 1.662639
250 43.200000 372.030000 114.602159 -38854.383882
251 52.990000 369.590000 -84076.035590 0.504000
252 42.960000 378.970000 7.022220 -6155.071599
253 36.090000 381.440000 0.121915 -17832.116119
254 32.000000 379.500000 -84.136077 0.681000
255 43.400000 381.500000 -1001.402510 2.689108
256 43.490000 388.030000 -33.091965 -11750.801673
257 49.690000 389.280000 -0.455189 -30027.470262
258 51.970000 388.280000 247.650108 0.672000
259 42.690000 399.660000 9103.296697 1.451729
260 42.470000 401.560000 78.801536 -46377.264572
261 50.790000 409.090000 -71975.692352 0.448000
262 39.570000 409.630000 1.133357 -28195.400963
263 43.760000 415.630000 -637.318908 0.747000
264 37.170000 418.250000 -118.314833 4.039801
265 36.710000 425.880000 -10.077504 -5000.016289
266 37.930000 429.910000 1328.594491 3.260799
267 41.940000 432.410000 50.721382 -11326.174327
268 43.080000 432.440000 -13336.161271 1.644747
269 46.250000 430.060000 -108.492544 -52861.034941
270 46.310000 426.910000 123847.999579 0.374000
271 46.490000 435.130000 -219.309075 -26461.662309
272 53.620000 440.780000 108225.864517 0.893148
273 55.080000 445.470000 670.290609 -71923.351394
274 59.070000 447.810000 -446688.374180 0.672000
275 55.310000 450.940000 -394610.962211 0.766000
276 38.700000 432.090000 20.074056 -28603.189245
277 34.650000 436.660000 -11067.772704 0.791934
278 31.920000 440.630000 -99.841480 -48847.658114
279 31.520000 445.130000 104074.748963 0.427000
280 23.750000 440.310000 67217.097669 0.654000
281 38.650000 434.840000 -4931.131656 1.769387
282 40.970000 439.500000 -117.158455 -18498.609704
283 44.810000 442.470000 48366.591982 1.071778
284 45.180000 444.340000 469.716440 -45752.662154
285 36.970000 445.690000 -357866.581122 0.585000
286 46.380000 445.690000 -178119.680334 1.175348
287 45.020000 451.440000 -2094.362427 -38394.104379
288 46.750000 450.880000 1720029.874412 0.549000
289 14.550000 271.580000 -60.302165 -2909.976204
290 6.290000 274.310000 27920.788817 0.592000
291 13.720000 274.690000 -7.560129 -2204.530812
292 6.590000 277.810000 2519.081348 0.828000
293 11.960000 284.580000 -2.370187 -923.998408
294 0.330000 283.970000 0.314343 1771.006217
295 -5.450000 291.330000 -120.599280 0.897000
296 11.570000 286.220000 185.197207 3.573104
297 11.270000 292.470000 11.688658 -4609.310353
298 2.290000 302.720000 -0.888884 4335.408447
299 -3.090000 299.580000 419.165523 0.585000
300 -5.990000 308.720000 377.643199 0.672000
301 12.130000 311.630000 -4469.203663 0.819675
302 10.560000 322.000000 720.375497 1997.456237
303 -4.140000 323.440000 -346757.873371 0.672000
304 8.930000 331.750000 186.534919 -1280.922091
305 10.010000 357.530000 -23923.695540 2.788493
306 5.780000 367.410000 -1802.564717 -4876.377215
307 17.660000 385.630000 498489.587861 1.394427
308 23.750000 398.060000 16128.495152 -12302.954179
309 20.380000 405.690000 -9736890.741399 0.672000
310 5.350000 370.030000 -1730.245244 -385.497193
311 -7.580000 379.060000 118.293692 5543.291959
312 -9.940000 383.190000 -3.197506 14304.534565
313 -15.460000 386.750000 2932.572798 0.418000
314 -12.540000 377.250000 -52290.674812 0.853583
315 -17.800000 374.660000 1026.937370 19076.870637
316 -22.890000 376.690000 -855854.464182 0.452000
317 2.410000 382.750000 278835.826105 2.375000
318 0.000000 388.160000 17300.533243 -6256.030668
319 10.160000 396.380000 -11132470.822986 0.616000
320 -3.870000 396.750000 -1247904.983827 5.500420
321 6.420000 415.220000 -55474.023858 -9340.504979
322 15.160000 417.780000 34182778.993397 0.678000
323 10.110000 428.000000 -1303.336370 -18217.352649
324 8.270000 432.630000 1139094.937232 0.495000
325 16.030000 437.410000 893543.310001 0.638000
326 -5.020000 399.590000 670196.218492 744.036312
327 -18.800000 403.720000 -31749.955314 8521.956007
328 -26.070000 411.840000 10377840.015322 1.259983
329 -31.400000 419.030000 -196974.877274 22077.060667
330 -29.060000 427.690000 149634431.671830 0.563000
331 -33.830000 422.000000 2548.918973 32611.219203
332 -39.460000 419.810000 -2106421.602785 0.508000
333 -34.780000 423.000000 -54.131423 19923.663884
334 -41.820000 428.880000 25780.789255 0.900262
335 -42.800000 431.090000 -174.857553 63565.605175
336 -40.460000 436.880000 151559.162006 0.504000
337 -45.250000 437.000000 110091.556999 0.694000
338 -8.630000 408.630000 -57516247.615682 4.761477
339 -8.260000 412.810000 15614874.401732 1520.555436
340 -23.710000 433.340000 -262113.071314 25815.384856
341 -40.880000 448.970000 165514631.895685 0.711000
342 -27.480000 446.590000 4220.818768 27733.177313
343 -32.350000 451.780000 -3618381.998138 0.527000
344 -7.090000 425.030000 -3344737895.445749 1.984248
345 -6.030000 430.310000 288018085.563870 4997.165928
346 -11.710000 443.250000 -127791808239.565020 0.999000
347 -4.120000 438.380000 13990424363.700560 -9.024842
348 -2.070000 441.090000 72086789725.909195 -85.605647
349 1.150000 450.500000 -16033049819623.375000 2.025510
350 -0.470000 457.840000 48048312835782.359000 152.774803
351 -0.840000 458.630000 -8703940603451631.000000 2.531773
352 2.580000 464.530000 -5644870738474517.000000 -716.268222
353 0.770000 469.160000 5254657848537112600.000000 0.504000
354 -5.120000 460.030000 772702970081280.620000 5181.905533
355 -5.960000 465.090000 -671731634308603260.000000 0.535000
356 -0.830000 442.250000 -14641476025430.230000 2.177402
357 5.370000 444.880000 -1604297458449.447500 -4060.157186
358 10.260000 454.160000 634985654045657.620000 1.147440
359 15.090000 456.660000 17060860068092.674000 -16996.361709
360 12.300000 461.090000 -15608317398406468.000000 0.504000
361 18.710000 459.660000 -5238239400529088.000000 1.497105
362 22.190000 459.630000 -115223586469835.080000 -20895.478516
363 21.640000 464.030000 52215893127702304.000000 1.023964
364 17.760000 464.780000 1484636953621624.700000 -16346.691862
365 14.230000 466.410000 -1705540693444980200.000000 0.406000
366 28.240000 461.410000 45247534832630992.000000 1.174988
367 36.340000 464.310000 417099223270130.870000 -50369.029061
368 42.980000 464.000000 -361070969398023810.000000 0.536000
369 34.580000 466.840000 -158773811702369120.000000 1.226390
370 32.540000 469.000000 -3524787962305897.000000 -21126.070131
371 30.350000 467.780000 2453609096737280000.000000 0.672000
372 -5.600000 245.590000 407.256896 3050.388778
373 -17.840000 241.840000 -69546.895796 1.416124
374 -20.240000 242.160000 3134.163156 5373.523847
375 -20.660000 236.750000 -81.161162 9143.025874
376 -23.580000 233.410000 31466.207399 0.602000
377 -25.820000 238.970000 -652118.828636 1.148518
378 -32.750000 240.810000 9568.073337 16412.565367
379 -33.750000 236.810000 -4652601.595263 0.487000
380 -37.470000 242.190000 -130.935619 17699.097240
381 -43.050000 240.090000 53825.860937 0.584000
382 -9.990000 248.190000 -42.971845 2352.003770
383 -7.780000 255.810000 7944.985769 1.383630
384 -10.060000 261.160000 -429.324021 4832.826930
385 -9.100000 263.910000 227980.487647 0.497000
386 -11.510000 249.410000 3401.122980 3.151432
387 -15.250000 253.970000 -102.910628 8393.528886
388 -31.940000 253.630000 25868.525755 1.009000
389 -22.120000 264.410000 1682.387616 16.172364
390 -22.660000 265.160000 -963.614431 462.964779
391 -16.310000 276.220000 48.177258 5520.830385
392 -12.900000 275.580000 -20630.277753 0.644000
393 -23.210000 265.910000 19067.884926 13.437612
394 -34.510000 265.720000 -656.018989 7723.767105
395 -45.270000 266.500000 111910.536182 1.562156
396 -54.430000 264.880000 -1168.182209 25375.824096
397 -60.860000 257.250000 487046.358764 0.617000
398 -27.350000 275.380000 -6548.228260 801.889660
399 -35.760000 274.580000 100.252681 17928.996737
400 -39.420000 276.520000 -45609.771807 0.608000
401 -28.110000 276.810000 186005.731006 9.744878
402 -23.140000 283.020000 -6826.872420 7711.252831
403 -19.760000 283.690000 2663963.200684 0.727000
404 -30.240000 281.560000 -37137.173866 1410.227600
405 -30.880000 282.690000 1692540.349386 6.202683
406 -41.460000 286.130000 -83755.455398 5782.153378
407 -46.920000 289.190000 10319139.289596 2.347214
408 -51.060000 292.500000 -204364.596274 14769.430472
409 -56.460000 292.220000 38481218.048306 1.551911
410 -59.960000 288.500000 -385653.365733 28787.073226
411 -65.110000 281.630000 170504795.575194 0.637000
412 -54.810000 295.690000 15424835.911416 3.917614
413 -57.840000 297.880000 -701001.824733 6554.548102
414 -62.530000 299.880000 73466168.652524 2.861404
415 -68.690000 302.660000 -1615426.266288 13764.336340
416 -78.720000 301.440000 282436011.001555 1.724122
417 -78.160000 301.630000 -2298665.769450 37061.139974
418 -86.120000 299.060000 547281559.672124 1.256097
419 -90.080000 299.310000 -3360346.897782 48747.003706
420 -96.290000 296.660000 1701161290.829485 0.586000
421 -86.850000 307.060000 438193516.909686 1.610768
422 -94.310000 313.720000 -3079428.026794 44641.429699
423 -101.460000 311.500000 1354861345.771667 0.708000
424 -96.770000 315.970000 32802.298442 29662.786211
425 -102.010000 322.270000 -9538069.809901 1.108315
426 -104.390000 324.910000 43155.281060 71810.824337
427 -106.520000 328.310000 -29093020.543910 0.487000
428 -32.530000 286.380000 -49794.659803 9734.183359
429 -24.020000 291.250000 15721126.576693 0.922496
430 -23.020000 293.020000 -171072.112857 26927.859221
431 -24.240000 297.270000 100901971.188210 0.504000
432 -21.750000 294.410000 99339895.140214 0.507000
433 -36.450000 301.580000 2933586.141335 5.119009
434 -47.470000 316.160000 -24928.929555 37205.149878
435 -57.500000 315.250000 15055227.705612 0.522000
436 -50.130000 319.880000 1231848.144637 6.473399
437 -56.380000 328.660000 -93697.416817 4320.925275
438 -61.180000 326.160000 1501.368412 20353.931051
439 -65.970000 328.380000 -463226.749121 1.064370
440 -74.050000 333.160000 2886.084394 53472.211351
441 -77.230000 332.440000 -1567759.764827 0.612000
442 -79.110000 336.190000 -420279.198743 2.308700
443 -88.970000 336.250000 4232.025127 33392.440832
444 -96.320000 333.500000 -1467144.001935 0.962000
445 -88.070000 345.160000 3057.942155 47437.712510
446 -92.240000 345.590000 -1572629.641775 0.672000
447 -91.760000 348.660000 -19.117733 55849.548000
448 -100.170000 351.250000 10643.704060 0.630000
449 -62.650000 337.340000 6457755.598840 4.894559
450 -66.460000 342.840000 -279605.387694 7918.221598
451 -62.370000 357.130000 1459.621348 68409.628667
452 -63.760000 360.500000 -1566103.797713 0.336000
453 -72.450000 351.440000 30548998.979442 3.216619
454 -77.130000 359.380000 -408595.057062 26869.390686
455 -90.130000 362.750000 104058201.022847 1.424374
456 -96.730000 364.250000 -628646.305180 60293.364090
457 -101.730000 363.310000 372583171.492635 0.613000
458 -80.700000 366.380000 19814632.342046 7.555075
459 -80.210000 368.880000 -90842.020934 80460.820570
460 -76.370000 369.750000 53914651.670110 0.623000
461 -79.460000 373.190000 40167446.732811 0.844000
462 -87.850000 379.470000 -1128282.689469 6664.162024
463 -89.610000 382.690000 83881187.887175 5.147549
464 -105.570000 386.190000 -729782.831161 44388.651001
465 -122.450000 391.280000 264544409.432585 1.079401
466 -128.810000 392.000000 -491670.868669 210916.307924
467 -131.120000 397.030000 476117299.482231 0.410000
468 -129.860000 385.910000 317823639.159320 0.597000
469 -93.630000 392.440000 -1893950.757834 17380.775772
470 -95.080000 406.530000 346081679.331927 2.224757
471 -95.740000 413.530000 -4394729.317802 32565.181214
472 -94.660000 418.630000 1511855098.206002 1.216893
473 -93.740000 421.660000 -7675281.717630 83057.383820
474 -95.840000 422.910000 6651543846.543047 0.488000
475 -95.260000 395.280000 93235.378654 8029.579850
476 -99.880000 399.840000 -7493428.720072 4.974923
477 -99.770000 400.630000 241838.887514 12413.606035
478 -108.950000 401.810000 -4707.465096 20642.139924
479 -121.280000 408.280000 801200.766543 2.398882
480 -123.230000 414.160000 -3357.037347 98843.624811
481 -125.930000 416.000000 2634985.861269 0.530000
482 -126.710000 410.720000 -6288.533158 52327.948441
483 -136.720000 413.130000 2406843.047961 1.079425
484 -145.030000 416.720000 -4819.687710 208098.187076
485 -145.250000 407.380000 4007074.773956 0.490000
486 -148.240000 418.310000 2839642.642123 0.710000
487 -102.240000 408.060000 -29354129.203163 3.361870
488 -110.420000 417.190000 439400.150612 27870.383095
489 -111.750000 419.030000 -109581258.457460 1.680231
490 -110.920000 419.530000 527982.379106 87072.279020
491 -109.180000 428.840000 -207971065.152375 1.088709
492 -102.660000 429.030000 1184517.167925 75326.750318
493 -97.080000 427.530000 -919086403.961973 0.551000
494 -113.460000 428.590000 -205058434.810718 1.103529
495 -115.770000 431.750000 564196.956507 156920.349119
496 -116.710000 441.000000 -758569653.016905 0.328000
497 -124.400000 439.440000 -7364.567657 33665.134199
498 -130.280000 440.750000 1903020.316611 1.705685
499 -136.930000 439.720000 -12545.269776 66701.957652
500 -139.220000 439.340000 6010525.805240 0.917000
501 -117.720000 420.060000 335854.070264 137055.684384
502 -121.280000 430.380000 -285098340.414215 0.507000
503 -124.630000 422.060000 -91901369.895289 1.542420
504 -130.690000 427.750000 437686.830146 89814.942970
505 -137.380000 428.910000 -158020964.487419 1.187996
506 -144.680000 431.030000 595249.898067 114425.528391
507 -153.190000 435.470000 -444619971.820666 0.583000
508 -132.940000 429.000000 -132401417.561544 1.418169
509 -135.400000 433.470000 389351.418462 147404.245648
510 -131.000000 434.000000 -335274781.235118 0.504000
511 -135.780000 434.470000 -99209670.922974 1.705091
512 -137.880000 438.560000 567059.877305 76728.050301
513 -139.590000 438.630000 -311691030.892580 0.798000
514 -35.000000 312.310000 -127537.357767 7183.689091
515 -26.790000 312.270000 19906480.219424 2.000659
516 -25.220000 310.770000 -991897.391617 6236.872091
517 -20.340000 310.270000 304106708.979393 1.012000
518 -34.470000 318.160000 11099942.891360 3.655628
519 -33.260000 322.880000 -490796.589581 7302.312543
520 -19.520000 321.940000 134245566.303939 1.177000
521 -31.420000 328.500000 30632914.958574 5.263184
522 -32.310000 332.470000 -3077687.082511 3309.149129
523 -25.820000 337.160000 91963.833188 11283.480764
524 -22.780000 335.810000 -45549260.889194 0.678000
525 -33.460000 335.940000 304100826.237001 3.399919
526 -34.230000 337.440000 -10180394.737093 10079.745069
527 -29.500000 349.130000 3477573628.102259 1.022058
528 -28.850000 353.310000 -62446588.551399 19675.398902
529 -28.310000 354.440000 43399154556.289619 0.510000
530 -37.720000 351.190000 180990.096299 19753.850052
531 -46.660000 355.440000 -76584700.153099 0.840000
532 -38.700000 353.440000 -37354.879120 1712.476549
533 -41.590000 360.060000 1536278.539428 8.754896
534 -37.180000 365.310000 -39510.562665 14204.278877
535 -34.560000 367.000000 16237791.587986 0.893000
536 -45.600000 370.720000 -190609.463227 2987.939252
537 -51.050000 376.440000 2101.667162 34139.938140
538 -60.270000 374.410000 -1190483.240613 0.661000
539 -60.210000 386.030000 -9.444527 86401.089530
540 -66.580000 395.310000 6938.833505 0.535000
541 -66.440000 386.380000 5257.907681 0.690000
542 -46.540000 372.810000 12226339.189030 5.812130
543 -40.360000 376.590000 -165275.407562 27858.464155
544 -38.100000 376.560000 120846760.372175 0.515000
545 -50.760000 385.380000 -752836.442332 6258.712815
546 -52.220000 389.380000 90198674.831201 3.249931
547 -45.160000 395.590000 -1580164.278392 22581.003481
548 -37.030000 392.090000 963556127.285921 0.643000
549 -54.920000 396.690000 -1109886.640365 32238.350019
550 -45.780000 404.880000 534965336.048715 0.840000
551 -57.870000 403.530000 195061695.658360 2.296056
552 -57.760000 404.250000 -1732644.286142 45510.606469
553 -49.880000 410.560000 1580787604.796746 0.450000
554 -62.650000 412.810000 20668.852782 34605.297266
555 -55.850000 416.340000 -12805480.858902 0.672000
556 -62.650000 413.970000 -549.750151 15564.540818
557 -75.740000 422.090000 92092.102378 2.519612
558 -86.590000 430.280000 -1659.776475 23873.932142
559 -92.050000 434.440000 430459.770589 1.675124
560 -97.040000 440.470000 -2968.155325 63879.387347
561 -101.670000 441.690000 1864877.888183 0.703000
562 -63.130000 415.310000 25033.758637 9.119885
563 -63.110000 422.690000 -158.313343 66845.707243
564 -57.100000 422.630000 134881.568691 0.496000
565 -62.090000 427.530000 46378.235523 1.459249
566 -60.970000 431.970000 -317.396786 63121.031033
567 -55.230000 431.310000 268945.791197 0.509000
568 -59.840000 436.380000 86560.482356 1.600079
569 -58.770000 439.560000 -708.561505 53697.974180
570 -62.850000 440.840000 605356.519386 0.516000
571 -56.910000 440.840000 19.067685 16387.124210
572 -59.560000 446.190000 -0.153419 56426.723921
573 -63.760000 446.030000 133.431787 0.504000
574 -56.330000 442.590000 -5544.706329 1.521530
575 -55.290000 446.810000 41.668322 59452.146151
576 -49.920000 443.750000 -37357.632298 0.495000
577 -54.780000 447.810000 -11181.038403 1.668818
578 -54.890000 450.690000 138.876963 36282.953649
579 -50.510000 453.970000 -99762.507391 0.632000
580 -56.440000 451.500000 -1.185999 53311.303091
581 -59.890000 448.630000 1047.013569 0.504000
582 -59.320000 453.060000 -0.008210 100644.163569
583 -62.110000 450.880000 -4.658840 0.504000
584 -61.360000 454.030000 -3.967949 0.618000
585 -63.840000 417.470000 -2806.438778 3723.901574
586 -68.560000 427.690000 152369.625847 7.877423
587 -73.170000 437.530000 -13780.172644 4837.845742
588 -81.780000 443.090000 339.682507 17975.558330
589 -83.480000 444.560000 -73137.099369 2.064700
590 -86.140000 442.190000 426.783153 75779.798762
591 -86.790000 440.060000 -372627.250465 0.504000
592 -84.580000 445.060000 336.425835 96755.102601
593 -88.210000 444.440000 -283177.269096 0.528000
594 -87.670000 447.380000 -86357.211939 1.742895
595 -92.910000 452.250000 529.693579 73730.382568
596 -96.340000 453.060000 -405382.217801 0.592000
597 -75.280000 443.030000 884911.347649 6.899023
598 -78.200000 447.000000 -63698.065024 6209.851884
599 -78.090000 448.410000 5064241.037860 5.640102
600 -81.620000 455.130000 -33734.834573 68323.726674
601 -83.560000 456.250000 27583347.122028 0.558000
602 -77.640000 452.030000 -239736.195577 9548.784441
603 -77.530000 453.410000 29522097.520055 3.681946
604 -67.930000 457.500000 -277431.694392 48683.556347
605 -64.290000 458.130000 210082255.060633 0.605000
606 -74.940000 455.590000 -788114.413570 17066.015950
607 -74.250000 459.000000 181133338.988129 1.997117
608 -74.210000 460.440000 -2655899.400330 31402.181891
609 -69.400000 461.970000 1201709916.650699 1.021000
610 48.460000 52.840000 46.337881 -12.702199
611 44.040000 32.620000 -8.661466 88.781110
612 42.660000 18.370000 -34.173793 -9.219675
613 39.370000 8.530000 7.068503 27.923436
614 36.940000 -10.650000 7.938598 16.049445
615 35.450000 -29.960000 2.304246 79.967351
616 36.840000 -37.750000 7.078670 18.159904
617 35.460000 -61.120000 2.509776 156.565066
618 34.840000 -86.900000 13.163776 19.788459
619 35.130000 -113.530000 5.709106 255.129972
620 34.830000 -150.750000 43.218468 20.990234
621 31.530000 -173.530000 21.498698 346.286066
622 32.620000 -182.690000 228.259818 17.439013
623 35.140000 -195.940000 83.148999 536.616377
624 36.060000 -203.130000 1228.729881 13.793845
625 38.320000 -213.250000 240.434571 1088.716901
626 41.770000 -223.560000 6239.463880 8.625123
627 41.270000 -223.630000 490.485256 2843.148195
628 53.550000 -219.470000 25986.426485 4.145033
629 56.780000 -218.310000 1318.718255 4301.006054
630 63.680000 -218.470000 89067.624963 3.235384
631 67.300000 -220.310000 3181.740427 6166.595977
632 72.440000 -222.410000 270844.222173 2.613030
633 79.410000 -226.410000 6234.564336 9835.297696
634 81.660000 -224.000000 750881.880760 1.859963
635 82.180000 -224.660000 7683.680758 21954.055464
636 84.850000 -229.750000 1988040.894332 0.888000
637 40.520000 -224.190000 28.993063 3754.632575
638 53.110000 -232.780000 1497.431467 4.555079
639 61.530000 -242.000000 69.638435 5180.880139
640 73.630000 -242.410000 4920.892462 3.446106
641 82.410000 -243.560000 116.803881 10234.928328
642 86.370000 -243.940000 13875.981328 2.058750
643 86.920000 -246.000000 202.316538 16853.060211
644 87.960000 -251.160000 38803.868492 1.311000
645 40.460000 -226.910000 749.739760 8.869011
646 40.850000 -228.530000 63.772969 2674.905452
647 47.560000 -233.720000 3570.074215 4.195226
648 50.120000 -246.970000 187.495662 4695.401023
649 56.570000 -249.690000 15581.771137 3.009267
650 60.620000 -253.630000 513.847324 7686.499495
651 64.570000 -255.880000 61196.481727 2.149835
652 69.250000 -257.830000 1093.580679 14424.163493
653 70.840000 -259.880000 222718.715946 1.276401
654 72.650000 -267.910000 1337.611226 44600.428100
655 75.640000 -272.410000 788838.580356 0.462000
656 40.840000 -231.090000 30.935181 473.930450
657 38.960000 -237.160000 377.779020 19.605929
658 33.930000 -259.660000 192.472484 509.295345
659 30.450000 -273.810000 3211.246866 16.434418
660 27.050000 -288.190000 1695.788586 545.699092
661 24.560000 -300.580000 37521.531101 13.586635
662 23.350000 -307.380000 16870.314567 683.643472
663 27.620000 -318.310000 427.310594 12560.713505
664 28.750000 -323.720000 186773.948006 0.741000
665 21.750000 -312.190000 527335.211032 9.987611
666 17.340000 -318.520000 204961.448062 819.503816
667 11.820000 -330.840000 14160838.169157 4.788525
668 9.860000 -337.880000 3497877.467017 1367.876321
669 10.280000 -342.060000 480782190.392276 2.488620
670 10.390000 -346.500000 73881263.849640 2254.848115
671 10.160000 -349.060000 16388741328.247187 1.573580
672 12.830000 -354.880000 874466328.718912 6650.955366
673 18.860000 -355.780000 308342547584.900330 1.009000
674 8.040000 -341.940000 -20647679.275822 -57.927300
675 -1.220000 -352.690000 -1022725244.188309 7.120417
676 -8.570000 -364.160000 530864418.251882 -701.564490
677 -17.650000 -378.250000 21181053865.626144 9.480145
678 -29.510000 -391.250000 -4992114716.599400 -1660.035435
679 -39.000000 -401.590000 -212726096029.104130 9.424247
680 -42.820000 -407.630000 37648084438.765686 -2303.265619
681 -46.140000 -417.060000 1881002919604.519500 8.347414
682 -47.450000 -423.030000 -246707268596.383730 -3225.363686
683 -47.820000 -424.660000 -16650871420303.369000 6.291966
684 -49.180000 -430.530000 851070987152.517580 -8423.151277
685 -49.290000 -454.590000 145458154724792.370000 2.659791
686 -54.700000 -459.380000 -3943036781328.916500 -16946.473194
687 -60.920000 -467.660000 -1096966437332643.500000 1.681000
688 -54.360000 -441.130000 506706891779.727720 -14495.952253
689 -59.890000 -451.030000 122651937609407.390000 1.863322
690 -65.910000 -459.310000 -1695878695120.165300 -33218.921628
691 -68.100000 -463.910000 -827271383231423.000000 0.951000
692 11.690000 8.710000 -10.477128 -4.459692
693 10.230000 5.150000 13.808860 4.146201
694 9.340000 2.460000 -4.412532 6.848816
695 6.100000 1.000000 1.114461 6.716701
696 3.880000 0.370000 0.446833 6.315915
697 0.250000 0.870000 0.531336 2.976000
698 0.000000 0.000000 0.000000 3.304000
